# File generated by CMD 3.3 (http://stev.oapd.inaf.it/cmd) on Wed Mar 18 10:56:55 CET 2020
# isochrones based on PARSEC release v1.2S +  COLIBRI S_35
# Basic references: Bressan et al. (2012), MNRAS, 427, 127 + Chen et al. (2014, 2015), MNRAS, 444, 2525 + MNRAS, 452, 1068 + Tang et al. (2014), MNRAS, 445, 4287 + Marigo et al. (2017), ApJ, 835, 77 + Pastorelli al. (2019), MNRAS in press
# Thermal pulse cycles included 
# On RGB, assumed Reimers mass loss with efficiency eta=0.2
# Photometric system: Pan-STARRS1
# Using YBC version of bolometric corrections as in Chen et al. (2019)
# O-rich circumstellar dpmod60alox40 dust from Groenewegen (2006)
# C-rich circumstellar AMCSIC15 dust from Groenewegen (2006)
# IMF: Kroupa (2001, 2002) + Kroupa et al. (2013) canonical two-part-power law IMF corrected for unresolved binaries 
# Kind of output: isochrone tables
# Zini     MH   logAge Mini        int_IMF         Mass   logL    logTe  logg  label   McoreTP C_O  period0 period1 pmode  Mloss  tau1m   X   Y   Xc  Xn  Xo  Cexcess  Z 	 mbolmag  gP1mag  rP1mag  iP1mag  zP1mag  yP1mag  wP1mag
0.0152 0.01508 9.47712 0.0900000036 1.0816895962    0.090 -3.424  3.3622  5.217    1  0.000  0.545     0.00     0.00 -1 -3.89e-17      0.00 7.089e-01 2.759e-01 2.746e-03 7.408e-04 6.719e-03 -1.000 1.527e-02 13.330 18.782 17.342 14.779 13.546 12.886 15.968
0.0152 0.01508 9.47712 0.1000000015 1.1711064577    0.100 -3.242  3.3881  5.184    0  0.000  0.545     0.00     0.00 -1 -5.84e-17      0.00 7.088e-01 2.760e-01 2.746e-03 7.408e-04 6.719e-03 -1.000 1.527e-02 12.874 18.306 16.876 14.321 13.091 12.430 15.508
0.0152 0.01508 9.47712 0.1167739853 1.2976747751    0.117 -3.017  3.4176  5.145    1  0.000  0.545     0.00     0.00 -1 -9.47e-17      0.00 7.085e-01 2.762e-01 2.746e-03 7.408e-04 6.719e-03 -1.000 1.527e-02 12.312 17.674 16.259 13.732 12.519 11.865 14.913
0.0152 0.01508 9.47712 0.1200000122 1.3193155527    0.120 -2.977  3.4228  5.138    1  0.000  0.545     0.00     0.00 -1 -1.03e-16      0.00 7.085e-01 2.762e-01 2.746e-03 7.408e-04 6.719e-03 -1.000 1.527e-02 12.214 17.429 16.028 13.559 12.385 11.753 14.727
0.0152 0.01508 9.47712 0.1400000006 1.4384527206    0.140 -2.794  3.4431  5.102    1  0.000  0.545     0.00     0.00 -1 -1.52e-16      0.00 7.083e-01 2.764e-01 2.746e-03 7.408e-04 6.719e-03 -1.000 1.527e-02 11.755 16.291 14.968 12.761 11.764 11.234 13.870
0.0152 0.01508 9.47712 0.1523579359 1.5015255213    0.152 -2.705  3.4516  5.084    0  0.000  0.545     0.00     0.00 -1 -1.83e-16      0.00 7.081e-01 2.766e-01 2.746e-03 7.408e-04 6.719e-03 -1.000 1.527e-02 11.531 15.803 14.505 12.412 11.481 10.989 13.494
0.0152 0.01508 9.47712 0.1599999964 1.5372931957    0.160 -2.653  3.4566  5.073    0  0.000  0.545     0.00     0.00 -1 -2.03e-16      0.00 7.080e-01 2.767e-01 2.746e-03 7.408e-04 6.719e-03 -1.000 1.527e-02 11.402 15.523 14.231 12.213 11.319 10.850 13.278
0.0152 0.01508 9.47712 0.2000000030 1.6938791275    0.200 -2.437  3.4753  5.029    1  0.000  0.545     0.00     0.00 -1 -3.14e-16      0.00 7.077e-01 2.770e-01 2.746e-03 7.408e-04 6.719e-03 -1.000 1.527e-02 10.863 14.468 13.209 11.448 10.676 10.280 12.448
0.0152 0.01508 9.47712 0.2500000000 1.8403258324    0.250 -2.233  3.4918  4.988    1  0.000  0.545     0.00     0.00 -1 -4.72e-16      0.00 7.073e-01 2.774e-01 2.746e-03 7.408e-04 6.719e-03 -1.000 1.527e-02 10.352 13.555 12.303 10.770 10.095 9.755 11.707
0.0152 0.01508 9.47712 0.3243963718 1.9993394613    0.324 -1.995  3.5070  4.924    1  0.000  0.545     0.00     0.00 -1 -7.72e-16      0.00 7.084e-01 2.763e-01 2.746e-03 7.408e-04 6.719e-03 -1.000 1.527e-02 9.756 12.652 11.431 10.058 9.452 9.151 10.944
0.0152 0.01508 9.47712 0.3495603204 2.0426962376    0.350 -1.917  3.5111  4.895    0  0.000  0.545     0.00     0.00 -1 -9.19e-16      0.00 7.091e-01 2.756e-01 2.746e-03 7.408e-04 6.719e-03 -1.000 1.527e-02 9.562 12.379 11.169 9.836 9.246 8.955 10.708
0.0152 0.01508 9.47712 0.3500000238 2.0434176922    0.350 -1.916  3.5112  4.895    0  0.000  0.545     0.00     0.00 -1 -9.21e-16      0.00 7.091e-01 2.756e-01 2.746e-03 7.408e-04 6.719e-03 -1.000 1.527e-02 9.559 12.375 11.164 9.832 9.243 8.952 10.704
0.0152 0.01508 9.47712 0.3512056470 2.0453891754    0.351 -1.912  3.5115  4.893    0  0.000  0.545     0.00     0.00 -1 -9.29e-16      0.00 7.091e-01 2.756e-01 2.746e-03 7.408e-04 6.719e-03 -1.000 1.527e-02 9.549 12.361 11.150 9.821 9.233 8.943 10.692
0.0152 0.01508 9.47712 0.4000000358 2.1185026169    0.400 -1.774  3.5225  4.856    0  0.000  0.545     0.00     0.00 -1 -1.25e-15      0.00 7.092e-01 2.756e-01 2.746e-03 7.408e-04 6.719e-03 -1.000 1.527e-02 9.204 11.829 10.636 9.408 8.864 8.598 10.243
0.0152 0.01508 9.47712 0.4500000477 2.1822810173    0.450 -1.624  3.5345  4.805    1  0.000  0.545     0.00     0.00 -1 -1.76e-15      0.00 7.092e-01 2.755e-01 2.746e-03 7.408e-04 6.719e-03 -1.000 1.527e-02 8.831 11.274 10.102 8.972 8.471 8.228 9.770
0.0152 0.01508 9.47712 0.5000000000 2.2374541759    0.500 -1.470  3.5492  4.756    1  0.000  0.545     0.00     0.00 -1 -2.53e-15      0.00 7.092e-01 2.755e-01 2.746e-03 7.408e-04 6.719e-03 -1.000 1.527e-02 8.444 10.690 9.535 8.517 8.067 7.849 9.271
0.0152 0.01508 9.47712 0.5091221333 2.2466645241    0.509 -1.439  3.5528  4.747    1  0.000  0.545     0.00     0.00 -1 -2.72e-15      0.00 7.103e-01 2.745e-01 2.736e-03 7.381e-04 6.694e-03 -1.000 1.521e-02 8.367 10.568 9.415 8.424 7.986 7.775 9.167
0.0152 0.01508 9.47712 0.5500000119 2.2836582661    0.550 -1.306  3.5680  4.708    1  0.000  0.545     0.00     0.00 -1 -3.71e-15      0.00 7.163e-01 2.688e-01 2.682e-03 7.238e-04 6.565e-03 -1.000 1.491e-02 8.034 10.046 8.897 8.028 7.644 7.457 8.721
0.0152 0.01508 9.47712 0.6000000238 2.3211214542    0.600 -1.142  3.5912  4.674    1  0.000  0.545     0.00     0.00 -1 -5.39e-15      0.00 7.174e-01 2.678e-01 2.674e-03 7.214e-04 6.544e-03 -1.000 1.487e-02 7.624 9.375 8.235 7.536 7.231 7.076 8.153
0.0152 0.01508 9.47712 0.6135179996 2.3300518990    0.613 -1.096  3.5989  4.669    1  0.000  0.545     0.00     0.00 -1 -5.95e-15      0.00 7.176e-01 2.675e-01 2.671e-03 7.208e-04 6.538e-03 -1.000 1.486e-02 7.509 9.182 8.051 7.400 7.118 6.971 7.994
0.0152 0.01508 9.47712 0.6499999762 2.3520355225    0.650 -0.977  3.6189  4.655    1  0.000  0.545     0.00     0.00 -1 -7.73e-15      0.00 7.184e-01 2.668e-01 2.665e-03 7.191e-04 6.523e-03 -1.000 1.485e-02 7.212 8.679 7.588 7.053 6.825 6.698 7.586
0.0152 0.01508 9.47712 0.6576490402 2.3562903404    0.658 -0.952  3.6234  4.654    1  0.000  0.545     0.00     0.00 -1 -8.16e-15      0.00 7.185e-01 2.667e-01 2.664e-03 7.188e-04 6.520e-03 -1.000 1.483e-02 7.149 8.567 7.490 6.980 6.764 6.642 7.499
0.0152 0.01508 9.47712 0.7000000477 2.3779268265    0.700 -0.818  3.6477  4.644    1  0.000  0.545     0.00     0.00 -1 -1.09e-14      0.00 7.193e-01 2.659e-01 2.657e-03 7.171e-04 6.505e-03 -1.000 1.475e-02 6.816 7.960 6.976 6.597 6.440 6.342 7.036
0.0152 0.01508 9.47712 0.7278608680 2.3905923367    0.728 -0.733  3.6639  4.640    1  0.000  0.541     0.00     0.00 -1  -1.3e-14      0.00 7.199e-01 2.654e-01 2.632e-03 7.152e-04 6.494e-03 -1.000 1.472e-02 6.601 7.561 6.667 6.354 6.228 6.146 6.745
0.0152 0.01508 9.47712 0.7500000000 2.3998889923    0.750 -0.667  3.6764  4.637    1  0.000  0.537     0.00     0.00 -1  -1.5e-14      0.00 7.203e-01 2.649e-01 2.614e-03 7.140e-04 6.487e-03 -1.000 1.476e-02 6.436 7.267 6.446 6.172 6.064 5.995 6.530
0.0152 0.01508 9.47712 0.7919635177 2.4158811569    0.792 -0.551  3.6942  4.616    1  0.000  0.537     0.00     0.00 -1 -1.95e-14      0.00 7.216e-01 2.637e-01 2.604e-03 7.112e-04 6.462e-03 -1.000 1.469e-02 6.147 6.818 6.098 5.867 5.782 5.729 6.183
0.0152 0.01508 9.47712 0.8000000119 2.4187245369    0.800 -0.529  3.6976  4.612    1  0.000  0.537     0.00     0.00 -1 -2.05e-14      0.00 7.218e-01 2.635e-01 2.602e-03 7.107e-04 6.458e-03 -1.000 1.467e-02 6.092 6.736 6.034 5.811 5.730 5.681 6.120
0.0152 0.01508 9.47712 0.8086178303 2.4217014313    0.808 -0.506  3.7011  4.608    1  0.000  0.537     0.00     0.00 -1 -2.16e-14      0.00 7.221e-01 2.632e-01 2.599e-03 7.100e-04 6.452e-03 -1.000 1.465e-02 6.034 6.651 5.967 5.751 5.674 5.628 6.052
0.0152 0.01508 9.47712 0.8500000238 2.4350347519    0.850 -0.397  3.7173  4.585    1  0.000  0.537     0.00     0.00 -1 -2.78e-14      0.00 7.235e-01 2.619e-01 2.588e-03 7.070e-04 6.424e-03 -1.000 1.459e-02 5.761 6.265 5.660 5.475 5.417 5.384 5.743
0.0152 0.01508 9.47712 0.8844463229 2.4450459480    0.884 -0.308  3.7298  4.564    1  0.000  0.537     0.00     0.00 -1 -3.43e-14      0.00 7.250e-01 2.605e-01 2.576e-03 7.037e-04 6.395e-03 -1.000 1.452e-02 5.541 5.972 5.420 5.256 5.210 5.186 5.501
0.0152 0.01508 9.47712 0.9000000358 2.4492788315    0.899 -0.269  3.7352  4.554    1  0.000  0.537     0.00     0.00 -1 -3.76e-14      0.00 7.257e-01 2.599e-01 2.570e-03 7.022e-04 6.381e-03 -1.000 1.448e-02 5.443 5.845 5.316 5.160 5.121 5.100 5.396
0.0152 0.01508 9.47712 0.9220139384 2.4549896717    0.921 -0.214  3.7424  4.538    1  0.000  0.537     0.00     0.00 -1 -4.29e-14      0.00 7.269e-01 2.587e-01 2.560e-03 6.995e-04 6.357e-03 -1.000 1.443e-02 5.305 5.669 5.171 5.028 4.996 4.980 5.249
0.0152 0.01508 9.47712 0.9500000477 2.4618122578    0.949 -0.145  3.7512  4.517    1  0.000  0.537     0.00     0.00 -1 -5.08e-14      0.00 7.284e-01 2.572e-01 2.547e-03 6.960e-04 6.325e-03 -1.000 1.441e-02 5.133 5.454 4.995 4.866 4.843 4.832 5.070
0.0152 0.01508 9.47712 0.9504349828 2.4619147778    0.950 -0.144  3.7513  4.517    1  0.000  0.537     0.00     0.00 -1 -5.09e-14      0.00 7.285e-01 2.571e-01 2.547e-03 6.959e-04 6.325e-03 -1.000 1.441e-02 5.130 5.450 4.993 4.864 4.841 4.830 5.068
0.0152 0.01508 9.47712 0.9774947762 2.4680795670    0.977 -0.078  3.7591  4.494    1  0.000  0.537     0.00     0.00 -1 -6.01e-14      0.00 7.305e-01 2.552e-01 2.530e-03 6.914e-04 6.284e-03 -1.000 1.431e-02 4.965 5.252 4.826 4.709 4.693 4.686 4.898
0.0152 0.01508 9.47712 1.0000000000 2.4729156494    1.000 -0.023  3.7653  4.475    1  0.000  0.537     0.00     0.00 -1 -6.89e-14      0.00 7.324e-01 2.534e-01 2.515e-03 6.874e-04 6.248e-03 -1.000 1.423e-02 4.829 5.091 4.690 4.583 4.573 4.570 4.760
0.0152 0.01508 9.47712 1.0034502745 2.4736349583    1.003 -0.015  3.7662  4.471    1  0.000  0.537     0.00     0.00 -1    -7e-14      0.00 7.327e-01 2.531e-01 2.512e-03 6.866e-04 6.241e-03 -1.000 1.421e-02 4.808 5.066 4.669 4.564 4.555 4.552 4.739
0.0152 0.01508 9.47712 1.0288093090 2.4787526131    1.028  0.046  3.7725  4.446    1  0.000  0.536     0.00     0.00 -1 -7.88e-14      0.00 7.356e-01 2.503e-01 2.488e-03 6.802e-04 6.184e-03 -1.000 1.409e-02 4.655 4.889 4.518 4.423 4.421 4.420 4.586
0.0152 0.01508 9.47712 1.0499999523 2.4828116894    1.049  0.096  3.7775  4.425    1  0.000  0.536     0.00     0.00 -1 -8.71e-14      0.00 7.382e-01 2.478e-01 2.467e-03 6.744e-04 6.132e-03 -1.000 1.399e-02 4.529 4.744 4.394 4.307 4.310 4.312 4.460
0.0152 0.01508 9.47712 1.0564303398 2.4840064049    1.056  0.112  3.7790  4.418    1  0.000  0.536     0.00     0.00 -1 -8.97e-14      0.00 7.393e-01 2.468e-01 2.458e-03 6.720e-04 6.110e-03 -1.000 1.395e-02 4.491 4.701 4.356 4.272 4.276 4.279 4.422
0.0152 0.01508 9.47712 1.0789517164 2.4880621433    1.078  0.165  3.7838  4.393    1  0.000  0.536     0.00     0.00 -1 -9.95e-14      0.00 7.434e-01 2.429e-01 2.424e-03 6.630e-04 6.030e-03 -1.000 1.376e-02 4.358 4.552 4.226 4.149 4.158 4.163 4.289
0.0152 0.01508 9.47712 1.1000000238 2.4916803837    1.099  0.214  3.7881  4.369    1  0.000  0.536     0.00     0.00 -1  -1.1e-13      0.00 7.476e-01 2.389e-01 2.390e-03 6.538e-04 5.947e-03 -1.000 1.352e-02 4.235 4.415 4.105 4.036 4.048 4.055 4.167
0.0152 0.01508 9.47712 1.1021292210 2.4920375347    1.101  0.219  3.7885  4.367    1  0.000  0.536     0.00     0.00 -1 -1.11e-13      0.00 7.479e-01 2.386e-01 2.388e-03 6.532e-04 5.941e-03 -1.000 1.350e-02 4.222 4.401 4.093 4.024 4.037 4.045 4.155
0.0152 0.01508 9.47712 1.1227853298 2.4954218864    1.122  0.267  3.7924  4.342    1  0.000  0.535     0.00     0.00 -1 -1.22e-13      0.00 7.511e-01 2.355e-01 2.366e-03 6.475e-04 5.891e-03 -1.000 1.340e-02 4.102 4.270 3.976 3.913 3.930 3.939 4.037
0.0152 0.01508 9.47712 1.1416765451 2.4983940125    1.141  0.310  3.7956  4.319    1  0.000  0.535     0.00     0.00 -1 -1.32e-13      0.00 7.537e-01 2.330e-01 2.349e-03 6.431e-04 5.853e-03 -1.000 1.330e-02 3.994 4.151 3.870 3.813 3.833 3.843 3.930
0.0152 0.01508 9.47712 1.1499999762 2.4996678829    1.149  0.329  3.7970  4.309    1  0.000  0.535     0.00     0.00 -1 -1.37e-13      0.00 7.548e-01 2.320e-01 2.343e-03 6.415e-04 5.839e-03 -1.000 1.326e-02 3.947 4.100 3.824 3.769 3.790 3.801 3.883
0.0152 0.01508 9.47712 1.1696839333 2.5025978088    1.169  0.372  3.7997  4.285    1  0.000  0.535     0.00     0.00 -1 -1.49e-13      0.00 7.544e-01 2.322e-01 2.353e-03 6.442e-04 5.865e-03 -1.000 1.338e-02 3.840 3.985 3.719 3.669 3.692 3.704 3.777
0.0152 0.01508 9.47712 1.1903841496 2.5055592060    1.189  0.415  3.8018  4.258    1  0.000  0.535     0.00     0.00 -1 -1.62e-13      0.00 7.539e-01 2.327e-01 2.364e-03 6.477e-04 5.897e-03 -1.000 1.344e-02 3.734 3.872 3.615 3.568 3.593 3.606 3.672
0.0152 0.01508 9.47712 1.2000000477 2.5068950653    1.199  0.433  3.8024  4.245    1  0.000  0.535     0.00     0.00 -1 -1.67e-13      0.00 7.536e-01 2.329e-01 2.371e-03 6.494e-04 5.913e-03 -1.000 1.349e-02 3.687 3.824 3.569 3.523 3.549 3.562 3.625
0.0152 0.01508 9.47712 1.2068899870 2.5078370571    1.206  0.446  3.8027  4.236    1  0.000  0.534     0.00     0.00 -1 -1.71e-13      0.00 7.536e-01 2.329e-01 2.371e-03 6.495e-04 5.914e-03 -1.000 1.348e-02 3.655 3.790 3.537 3.491 3.518 3.531 3.593
0.0152 0.01508 9.47712 1.2500000000 2.5134611130    1.249  0.524  3.8034  4.177    1  0.000  0.534     0.00     0.00 -1 -1.97e-13      0.00 7.536e-01 2.330e-01 2.373e-03 6.505e-04 5.925e-03 -1.000 1.347e-02 3.461 3.593 3.343 3.299 3.326 3.339 3.399
0.0152 0.01508 9.47712 1.2903403044 2.5183346272    1.290  0.593  3.8022  4.116    1  0.000  0.533     0.00     0.00 -1 -2.22e-13      0.00 7.535e-01 2.330e-01 2.376e-03 6.494e-04 5.937e-03 -1.000 1.351e-02 3.287 3.420 3.167 3.122 3.148 3.160 3.223
0.0152 0.01508 9.47712 1.2999999523 2.5194499493    1.299  0.610  3.8017  4.101    1  0.000  0.533     0.00     0.00 -1 -2.28e-13      0.00 7.535e-01 2.330e-01 2.376e-03 6.492e-04 5.941e-03 -1.000 1.352e-02 3.246 3.380 3.126 3.080 3.105 3.117 3.182
0.0152 0.01508 9.47712 1.3006699085 2.5195267200    1.300  0.611  3.8016  4.100    1  0.000  0.533     0.00     0.00 -1 -2.29e-13      0.00 7.535e-01 2.330e-01 2.377e-03 6.492e-04 5.941e-03 -1.000 1.352e-02 3.243 3.378 3.123 3.077 3.102 3.114 3.179
0.0152 0.01508 9.47712 1.3279876709 2.5225768089    1.328  0.658  3.7991  4.052    1  0.000  0.533     0.00     0.00 -1 -2.48e-13      0.00 7.523e-01 2.341e-01 2.386e-03 6.496e-04 5.973e-03 -1.000 1.355e-02 3.126 3.267 3.003 2.954 2.977 2.987 3.061
0.0152 0.01508 9.47712 1.3500001431 2.5249314308    1.350  0.694  3.7965  4.012    1  0.000  0.532     0.00     0.00 -1 -2.64e-13      0.00 7.514e-01 2.351e-01 2.394e-03 6.505e-04 5.999e-03 -1.000 1.358e-02 3.034 3.182 2.909 2.855 2.876 2.885 2.968
0.0152 0.01508 9.47712 1.3681582212 2.5268085003    1.368  0.726  3.7939  3.976    1  0.000  0.533     0.00     0.00 -1 -2.78e-13      0.00 7.510e-01 2.354e-01 2.397e-03 6.512e-04 6.001e-03 -1.000 1.359e-02 2.956 3.111 2.829 2.772 2.790 2.798 2.889
0.0152 0.01508 9.47712 1.3962732553 2.5296041965    1.396  0.774  3.7892  3.917    1  0.000  0.533     0.00     0.00 -1 -3.02e-13      0.00 7.502e-01 2.361e-01 2.403e-03 6.527e-04 6.007e-03 -1.000 1.366e-02 2.835 3.002 2.704 2.639 2.653 2.659 2.765
0.0152 0.01508 9.47712 1.4000000954 2.5299651623    1.400  0.781  3.7885  3.909    1  0.000  0.534     0.00     0.00 -1 -3.05e-13      0.00 7.501e-01 2.362e-01 2.404e-03 6.529e-04 6.008e-03 -1.000 1.367e-02 2.818 2.988 2.688 2.622 2.635 2.640 2.749
0.0152 0.01508 9.47712 1.4089819193 2.5308260918    1.409  0.797  3.7868  3.889    1  0.000  0.534     0.00     0.00 -1 -3.13e-13      0.00 7.498e-01 2.365e-01 2.406e-03 6.540e-04 6.009e-03 -1.000 1.369e-02 2.778 2.953 2.647 2.578 2.590 2.594 2.708
0.0152 0.01508 9.47712 1.4248235226 2.5323138237    1.424  0.829  3.7845  3.852    1  0.000  0.534     0.00     0.00 -1  -3.3e-13      0.00 7.490e-01 2.373e-01 2.410e-03 6.563e-04 6.014e-03 -1.000 1.369e-02 2.697 2.878 2.564 2.492 2.501 2.505 2.626
0.0152 0.01508 9.47712 1.4332050085 2.5330858231    1.433  0.869  3.7875  3.827    1  0.000  0.535     0.00     0.00 -1 -3.59e-13      0.00 7.487e-01 2.377e-01 2.412e-03 6.573e-04 6.016e-03 -1.000 1.369e-02 2.597 2.767 2.465 2.398 2.410 2.415 2.526
0.0152 0.01508 9.47712 1.4384423494 2.5335628986    1.438  0.909  3.7919  3.806    1  0.000  0.535     0.00     0.00 -1 -3.95e-13      0.00 7.484e-01 2.379e-01 2.414e-03 6.579e-04 6.017e-03 -1.000 1.369e-02 2.497 2.652 2.367 2.307 2.324 2.330 2.427
0.0152 0.01508 9.47712 1.4398778677 2.5336928368    1.440  0.945  3.7971  3.791    1  0.000  0.535     0.00     0.00 -1 -4.34e-13      0.00 7.483e-01 2.380e-01 2.414e-03 6.582e-04 6.018e-03 -1.000 1.369e-02 2.406 2.545 2.279 2.229 2.250 2.258 2.337
0.0152 0.01508 9.47712 1.4404816628 2.5337474346    1.440  0.982  3.8019  3.774    1  0.000  0.535     0.00     0.00 -1 -4.81e-13      0.00 7.483e-01 2.380e-01 2.414e-03 6.583e-04 6.018e-03 -1.000 1.369e-02 2.314 2.438 2.190 2.148 2.174 2.183 2.246
0.0152 0.01508 9.47712 1.4407371283 2.5337705612    1.440  1.005  3.8046  3.762    1  0.000  0.535     0.00     0.00 -1 -5.13e-13      0.00 7.483e-01 2.380e-01 2.415e-03 6.583e-04 6.018e-03 -1.000 1.369e-02 2.258 2.373 2.135 2.098 2.126 2.137 2.190
0.0152 0.01508 9.47712 1.4408490658 2.5337808132    1.440  0.987  3.8027  3.772    2  0.000  0.535     0.00     0.00 -1  -4.9e-13      0.00 7.483e-01 2.380e-01 2.415e-03 6.583e-04 6.018e-03 -1.000 1.369e-02 2.303 2.424 2.179 2.138 2.165 2.175 2.235
0.0152 0.01508 9.47712 1.4413135052 2.5338227749    1.441  0.967  3.7924  3.751    2  0.000  0.535     0.00     0.00 -1 -4.77e-13      0.00 7.482e-01 2.381e-01 2.415e-03 6.584e-04 6.018e-03 -1.000 1.369e-02 2.352 2.505 2.222 2.164 2.181 2.187 2.282
0.0152 0.01508 9.47712 1.4439235926 2.5340578556    1.444  0.967  3.7719  3.670    2  0.000  0.536     0.00     0.00 -1 -5.18e-13      0.00 7.413e-01 2.448e-01 2.465e-03 6.718e-04 6.136e-03 -1.000 1.392e-02 2.352 2.576 2.217 2.124 2.121 2.118 2.283
0.0152 0.01508 9.47712 1.4466820955 2.5343053341    1.446  0.940  3.7584  3.644    2  0.000  0.537     0.00     0.00 -1 -4.98e-13      0.00 7.292e-01 2.564e-01 2.557e-03 6.965e-04 6.354e-03 -1.000 1.443e-02 2.421 2.699 2.289 2.173 2.156 2.148 2.358
0.0152 0.01508 9.47712 1.4482474327 2.5344452858    1.448  0.913  3.7494  3.636    2  0.000  0.537     0.00     0.00 -1  -4.7e-13      0.00 7.240e-01 2.613e-01 2.597e-03 7.073e-04 6.450e-03 -1.000 1.465e-02 2.489 2.806 2.361 2.231 2.205 2.192 2.433
0.0152 0.01508 9.47712 1.4492826462 2.5345377922    1.449  0.890  3.7426  3.632    2  0.000  0.537     0.00     0.00 -1 -4.46e-13      0.00 7.212e-01 2.641e-01 2.619e-03 7.133e-04 6.502e-03 -1.000 1.476e-02 2.546 2.895 2.424 2.283 2.249 2.234 2.497
0.0152 0.01508 9.47712 1.4500000477 2.5346016884    1.450  0.873  3.7375  3.628    2  0.000  0.537     0.00     0.00 -1  -4.3e-13      0.00 7.196e-01 2.656e-01 2.632e-03 7.166e-04 6.531e-03 -1.000 1.482e-02 2.588 2.961 2.471 2.322 2.283 2.265 2.545
0.0152 0.01508 9.47712 1.4505515099 2.5346508026    1.450  0.856  3.7322  3.624    2  0.000  0.537     0.00     0.00 -1 -4.14e-13      0.00 7.180e-01 2.671e-01 2.644e-03 7.198e-04 6.559e-03 -1.000 1.488e-02 2.630 3.030 2.520 2.363 2.318 2.297 2.595
0.0152 0.01508 9.47712 1.4517428875 2.5347566605    1.451  0.838  3.7212  3.598    2  0.000  0.537     0.00     0.00 -1 -4.06e-13      0.00 7.152e-01 2.698e-01 2.660e-03 7.246e-04 6.600e-03 -1.000 1.500e-02 2.674 3.131 2.580 2.405 2.348 2.321 2.657
0.0152 0.01508 9.47712 1.4532482624 2.5348901749    1.453  0.865  3.7104  3.529    2  0.000  0.531     0.00     0.00 -1 -4.61e-13      0.00 7.114e-01 2.735e-01 2.645e-03 7.402e-04 6.636e-03 -1.000 1.509e-02 2.608 3.127 2.535 2.342 2.272 2.238 2.613
0.0152 0.01508 9.47712 1.4535789490 2.5349195004    1.453  0.876  3.7084  3.510    2  0.000  0.528     0.00     0.00 -1 -4.82e-13      0.00 7.105e-01 2.744e-01 2.629e-03 7.491e-04 6.642e-03 -1.000 1.513e-02 2.579 3.111 2.511 2.314 2.241 2.206 2.589
0.0152 0.01508 9.47712 1.4540038109 2.5349571705    1.454  0.897  3.7065  3.481    3  0.000  0.506     0.00     0.00 -1 -5.22e-13      0.00 7.088e-01 2.760e-01 2.523e-03 8.603e-04 6.649e-03 -1.000 1.515e-02 2.527 3.071 2.464 2.263 2.188 2.152 2.541
0.0152 0.01508 9.47712 1.4548469782 2.5350317955    1.454  0.942  3.7031  3.423    3  0.000  0.461     0.00     0.00 -1 -6.15e-13      0.00 7.052e-01 2.796e-01 2.300e-03 1.123e-03 6.660e-03 -1.000 1.521e-02 2.415 2.980 2.359 2.152 2.072 2.034 2.436
0.0152 0.01508 9.47712 1.4556818008 2.5351054668    1.455  0.991  3.7003  3.363    3  0.000  0.426     0.00     0.00 -1 -7.34e-13      0.00 7.016e-01 2.832e-01 2.127e-03 1.338e-03 6.668e-03 -1.000 1.526e-02 2.292 2.876 2.242 2.030 1.947 1.907 2.320
0.0152 0.01508 9.47712 1.4563713074 2.5351662636    1.456  1.034  3.6982  3.312    3  0.000  0.408     0.00     0.00 -1 -8.55e-13      0.00 6.989e-01 2.858e-01 2.039e-03 1.449e-03 6.674e-03 -1.000 1.527e-02 2.186 2.784 2.142 1.926 1.840 1.798 2.219
0.0152 0.01508 9.47712 1.4570549726 2.5352265835    1.457  1.077  3.6962  3.261    3  0.000  0.396     0.00     0.00 -1 -9.98e-13      0.00 6.967e-01 2.880e-01 1.984e-03 1.520e-03 6.679e-03 -1.000 1.528e-02 2.078 2.691 2.039 1.820 1.731 1.688 2.117
0.0152 0.01508 9.47712 1.4577331543 2.5352861881    1.457  1.120  3.6942  3.211    3  0.000  0.389     0.00     0.00 -1 -1.17e-12      0.00 6.949e-01 2.898e-01 1.948e-03 1.568e-03 6.684e-03 -1.000 1.531e-02 1.971 2.597 1.937 1.714 1.622 1.578 2.015
0.0152 0.01508 9.47712 1.4585397243 2.5353572369    1.458  1.171  3.6918  3.150    3  0.000  0.383     0.00     0.00 -1  -1.4e-12      0.00 6.933e-01 2.913e-01 1.922e-03 1.606e-03 6.691e-03 -1.000 1.536e-02 1.843 2.485 1.815 1.587 1.492 1.447 1.893
0.0152 0.01508 9.47712 1.4592150450 2.5354163647    1.459  1.214  3.6898  3.099    3  0.000  0.380     0.00     0.00 -1 -1.64e-12      0.00 6.922e-01 2.924e-01 1.907e-03 1.629e-03 6.697e-03 -1.000 1.537e-02 1.734 2.391 1.712 1.481 1.383 1.336 1.790
0.0152 0.01508 9.47712 1.4599056244 2.5354769230    1.459  1.259  3.6877  3.046    3  0.000  0.377     0.00     0.00 -1 -1.92e-12      0.00 6.914e-01 2.933e-01 1.896e-03 1.646e-03 6.701e-03 -1.000 1.537e-02 1.622 2.295 1.606 1.370 1.270 1.221 1.684
0.0152 0.01508 9.47712 1.4605149031 2.5355303288    1.460  1.300  3.6857  2.997    3  0.000  0.376     0.00     0.00 -1 -2.23e-12      0.00 6.907e-01 2.939e-01 1.889e-03 1.659e-03 6.702e-03 -1.000 1.537e-02 1.520 2.209 1.511 1.271 1.168 1.118 1.589
0.0152 0.01508 9.47712 1.4612654448 2.5355961323    1.461  1.349  3.6832  2.938    3  0.000  0.375     0.00     0.00 -1 -2.66e-12      0.00 6.901e-01 2.945e-01 1.883e-03 1.670e-03 6.699e-03 -1.000 1.538e-02 1.397 2.104 1.396 1.150 1.044 0.992 1.473
0.0152 0.01508 9.47712 1.4618991613 2.5356514454    1.461  1.390  3.6811  2.889    3  0.000  0.374     0.00     0.00 -1 -3.09e-12      0.00 6.898e-01 2.948e-01 1.880e-03 1.677e-03 6.697e-03 -1.000 1.539e-02 1.294 2.017 1.299 1.050 0.940 0.887 1.377
0.0152 0.01508 9.47712 1.4625936747 2.5357122421    1.462  1.436  3.6787  2.834    3  0.000  0.374     0.00     0.00 -1 -3.64e-12      0.00 6.895e-01 2.951e-01 1.879e-03 1.681e-03 6.695e-03 -1.000 1.541e-02 1.180 1.922 1.193 0.939 0.826 0.771 1.270
0.0152 0.01508 9.47712 1.4631917477 2.5357644558    1.463  1.475  3.6765  2.786    3  0.000  0.374     0.00     0.00 -1  -4.2e-12      0.00 6.894e-01 2.952e-01 1.877e-03 1.683e-03 6.694e-03 -1.000 1.539e-02 1.081 1.841 1.103 0.844 0.728 0.671 1.179
0.0152 0.01508 9.47712 1.4637669325 2.5358145237    1.463  1.513  3.6745  2.740    3  0.000  0.374     0.00     0.00 -1 -4.82e-12      0.00 6.894e-01 2.953e-01 1.877e-03 1.684e-03 6.693e-03 -1.000 1.539e-02 0.987 1.763 1.015 0.752 0.633 0.575 1.092
0.0152 0.01508 9.47712 1.4643559456 2.5358657837    1.464  1.551  3.6723  2.693    3  0.000  0.374     0.00     0.00 -1 -5.53e-12      0.00 6.893e-01 2.953e-01 1.876e-03 1.685e-03 6.692e-03 -1.000 1.539e-02 0.892 1.685 0.928 0.661 0.538 0.478 1.004
0.0152 0.01508 9.47712 1.4649025202 2.5359134674    1.464  1.585  3.6704  2.652    3  0.000  0.374     0.00     0.00 -1 -6.25e-12      0.00 6.893e-01 2.953e-01 1.876e-03 1.686e-03 6.692e-03 -1.000 1.539e-02 0.807 1.616 0.851 0.579 0.454 0.392 0.926
0.0152 0.01508 9.47712 1.4655710459 2.5359716415    1.465  1.623  3.6682  2.605    3  0.000  0.374     0.00     0.00 -1 -7.18e-12      0.00 6.893e-01 2.953e-01 1.876e-03 1.687e-03 6.692e-03 -1.000 1.539e-02 0.712 1.540 0.764 0.488 0.359 0.296 0.840
0.0152 0.01508 9.47712 1.4667543173 2.5360741615    1.466  1.671  3.6654  2.546    3  0.000  0.374     0.00     0.00 -1 -8.58e-12      0.00 6.893e-01 2.953e-01 1.875e-03 1.688e-03 6.691e-03 -1.000 1.539e-02 0.591 1.443 0.654 0.372 0.239 0.174 0.729
0.0152 0.01508 9.47712 1.4671784639 2.5361111164    1.467  1.658  3.6664  2.564    3  0.000  0.374     0.00     0.00 -1 -8.21e-12      0.00 6.893e-01 2.953e-01 1.875e-03 1.689e-03 6.691e-03 -1.000 1.539e-02 0.625 1.468 0.684 0.404 0.272 0.208 0.759
0.0152 0.01508 9.47712 1.4675209522 2.5361406803    1.467  1.635  3.6679  2.593    3  0.000  0.373     0.00     0.00 -1 -7.55e-12      0.00 6.893e-01 2.953e-01 1.875e-03 1.689e-03 6.691e-03 -1.000 1.539e-02 0.683 1.513 0.736 0.459 0.330 0.267 0.811
0.0152 0.01508 9.47712 1.4677438736 2.5361599922    1.467  1.611  3.6695  2.623    3  0.000  0.373     0.00     0.00 -1 -6.91e-12      0.00 6.893e-01 2.953e-01 1.875e-03 1.689e-03 6.691e-03 -1.000 1.539e-02 0.742 1.558 0.789 0.515 0.389 0.327 0.864
0.0152 0.01508 9.47712 1.4679299593 2.5361762047    1.467  1.587  3.6711  2.654    3  0.000  0.373     0.00     0.00 -1  -6.3e-12      0.00 6.893e-01 2.953e-01 1.875e-03 1.690e-03 6.691e-03 -1.000 1.539e-02 0.803 1.606 0.844 0.574 0.450 0.389 0.920
0.0152 0.01508 9.47712 1.4681354761 2.5361938477    1.467  1.557  3.6730  2.692    3  0.000  0.373     0.00     0.00 -1 -5.63e-12      0.00 6.893e-01 2.953e-01 1.874e-03 1.690e-03 6.691e-03 -1.000 1.539e-02 0.878 1.666 0.912 0.646 0.525 0.466 0.989
0.0152 0.01508 9.47712 1.4683623314 2.5362136364    1.468  1.525  3.6750  2.732    3  0.000  0.373     0.00     0.00 -1 -4.99e-12      0.00 6.893e-01 2.953e-01 1.874e-03 1.690e-03 6.691e-03 -1.000 1.539e-02 0.958 1.730 0.985 0.723 0.605 0.547 1.062
0.0152 0.01508 9.47712 1.4685672522 2.5362312794    1.468  1.501  3.6765  2.762    3  0.000  0.373     0.00     0.00 -1 -4.54e-12      0.00 6.893e-01 2.953e-01 1.874e-03 1.690e-03 6.691e-03 -1.000 1.539e-02 1.018 1.777 1.040 0.781 0.665 0.608 1.116
0.0152 0.01508 9.47712 1.4686895609 2.5362417698    1.468  1.511  3.6760  2.750    3  0.000  0.373     0.00     0.00 -1 -4.68e-12      0.00 6.893e-01 2.953e-01 1.874e-03 1.690e-03 6.690e-03 -1.000 1.539e-02 0.993 1.757 1.017 0.757 0.640 0.583 1.093
0.0152 0.01508 9.47712 1.4693788290 2.5363013744    1.469  1.563  3.6729  2.685    3  0.000  0.373     0.00     0.00 -1 -5.62e-12      0.00 6.892e-01 2.954e-01 1.874e-03 1.691e-03 6.690e-03 -1.000 1.539e-02 0.861 1.650 0.896 0.630 0.508 0.449 0.972
0.0152 0.01508 9.47712 1.4701060057 2.5363643169    1.469  1.615  3.6699  2.622    3  0.000  0.373     0.00     0.00 -1 -6.77e-12      0.00 6.892e-01 2.954e-01 1.873e-03 1.692e-03 6.690e-03 -1.000 1.539e-02 0.733 1.546 0.778 0.506 0.380 0.318 0.854
0.0152 0.01508 9.47712 1.4707969427 2.5364239216    1.470  1.664  3.6669  2.561    3  0.000  0.373     0.00     0.00 -1  -8.1e-12      0.00 6.892e-01 2.954e-01 1.873e-03 1.693e-03 6.690e-03 -1.000 1.539e-02 0.610 1.449 0.667 0.388 0.258 0.194 0.742
0.0152 0.01508 9.47712 1.4714684486 2.5364816189    1.471  1.713  3.6639  2.500    3  0.000  0.373     0.00     0.00 -1 -9.72e-12      0.00 6.892e-01 2.954e-01 1.873e-03 1.694e-03 6.689e-03 -1.000 1.540e-02 0.486 1.351 0.556 0.270 0.135 0.068 0.630
0.0152 0.01508 9.47712 1.4720776081 2.5365340710    1.471  1.761  3.6610  2.441    3  0.000  0.373     0.00     0.00 -1 -1.16e-11      0.00 6.892e-01 2.954e-01 1.872e-03 1.695e-03 6.689e-03 -1.000 1.540e-02 0.368 1.261 0.448 0.156 0.017 -0.052 0.523
0.0152 0.01508 9.47712 1.4726456404 2.5365829468    1.472  1.807  3.6581  2.383    3  0.000  0.373     0.00     0.00 -1 -1.37e-11      0.00 6.892e-01 2.954e-01 1.872e-03 1.695e-03 6.689e-03 -1.000 1.540e-02 0.252 1.174 0.344 0.044 -0.099 -0.170 0.418
0.0152 0.01508 9.47712 1.4731738567 2.5366282463    1.472  1.853  3.6552  2.326    3  0.000  0.373     0.00     0.00 -1 -1.63e-11      0.00 6.892e-01 2.954e-01 1.872e-03 1.696e-03 6.688e-03 -1.000 1.540e-02 0.137 1.090 0.242 -0.065 -0.213 -0.286 0.315
0.0152 0.01508 9.47712 1.4736720324 2.5366711617    1.473  1.899  3.6522  2.268    3  0.000  0.373     0.00     0.00 -1 -1.93e-11      0.00 6.892e-01 2.954e-01 1.872e-03 1.696e-03 6.688e-03 -1.000 1.540e-02 0.023 1.007 0.140 -0.174 -0.327 -0.403 0.213
0.0152 0.01508 9.47712 1.4741232395 2.5367097855    1.473  1.943  3.6493  2.212    3  0.000  0.373     0.00     0.00 -1 -2.27e-11      0.00 6.892e-01 2.954e-01 1.871e-03 1.697e-03 6.688e-03 -1.000 1.540e-02 -0.088 0.927 0.042 -0.280 -0.437 -0.515 0.114
0.0152 0.01508 9.47712 1.4745529890 2.5367465019    1.473  1.989  3.6463  2.155    3  0.000  0.373     0.00     0.00 -1 -2.69e-11      0.00 6.891e-01 2.955e-01 1.871e-03 1.698e-03 6.688e-03 -1.000 1.540e-02 -0.202 0.848 -0.056 -0.387 -0.549 -0.630 0.015
0.0152 0.01508 9.47712 1.4749341011 2.5367791653    1.474  2.032  3.6433  2.100    3  0.000  0.373     0.00     0.00 -1 -3.16e-11      0.00 6.891e-01 2.955e-01 1.871e-03 1.698e-03 6.688e-03 -1.000 1.540e-02 -0.310 0.774 -0.149 -0.489 -0.655 -0.739 -0.079
0.0152 0.01508 9.47712 1.4752963781 2.5368101597    1.474  2.076  3.6402  2.043    3  0.000  0.373     0.00     0.00 -1 -3.73e-11      0.00 6.891e-01 2.955e-01 1.871e-03 1.698e-03 6.687e-03 -1.000 1.540e-02 -0.421 0.698 -0.245 -0.593 -0.764 -0.851 -0.176
0.0152 0.01508 9.47712 1.4756237268 2.5368382931    1.474  2.119  3.6372  1.988    3  0.000  0.373     0.00     0.00 -1 -4.39e-11      0.00 6.891e-01 2.955e-01 1.871e-03 1.699e-03 6.687e-03 -1.000 1.540e-02 -0.528 0.627 -0.334 -0.693 -0.869 -0.958 -0.268
0.0152 0.01508 9.47712 1.4759232998 2.5368638039    1.475  2.162  3.6343  1.934    3  0.000  0.373     0.00     0.00 -1 -5.14e-11      0.00 6.891e-01 2.955e-01 1.870e-03 1.699e-03 6.687e-03 -1.000 1.540e-02 -0.634 0.554 -0.422 -0.789 -0.971 -1.062 -0.358
0.0152 0.01508 9.47712 1.4762058258 2.5368881226    1.475  2.205  3.6312  1.879    3  0.000  0.373     0.00     0.00 -1 -6.04e-11      0.00 6.891e-01 2.955e-01 1.870e-03 1.700e-03 6.687e-03 -1.000 1.540e-02 -0.742 0.479 -0.511 -0.887 -1.073 -1.167 -0.449
0.0152 0.01508 9.47712 1.4764604568 2.5369098186    1.475  2.246  3.6282  1.825    3  0.000  0.373     0.00     0.00 -1 -7.06e-11      0.00 6.891e-01 2.955e-01 1.870e-03 1.700e-03 6.687e-03 -1.000 1.540e-02 -0.846 0.408 -0.595 -0.981 -1.172 -1.268 -0.536
0.0152 0.01508 9.47712 1.4767045975 2.5369305611    1.475  2.289  3.6251  1.770    3  0.000  0.373     0.00     0.00 -1 -8.31e-11      0.00 6.891e-01 2.955e-01 1.870e-03 1.700e-03 6.687e-03 -1.000 1.540e-02 -0.953 0.334 -0.681 -1.077 -1.274 -1.373 -0.626
0.0152 0.01508 9.47712 1.4769208431 2.5369491577    1.475  2.330  3.6221  1.717    3  0.000  0.373     0.00     0.00 -1  -9.7e-11      0.00 6.891e-01 2.955e-01 1.870e-03 1.700e-03 6.687e-03 -1.000 1.540e-02 -1.056 0.264 -0.763 -1.168 -1.370 -1.472 -0.710
0.0152 0.01508 9.47712 1.4771250486 2.5369665623    1.475  2.372  3.6190  1.663    3  0.000  0.373     0.00     0.00 -1 -1.13e-10      0.00 6.891e-01 2.955e-01 1.870e-03 1.701e-03 6.687e-03 -1.000 1.540e-02 -1.159 0.193 -0.845 -1.260 -1.468 -1.573 -0.796
0.0152 0.01508 9.47712 1.4773144722 2.5369827747    1.475  2.413  3.6159  1.609    3  0.000  0.373     0.00     0.00 -1 -1.33e-10      0.00 6.891e-01 2.955e-01 1.870e-03 1.701e-03 6.687e-03 -1.000 1.540e-02 -1.263 0.123 -0.924 -1.350 -1.564 -1.673 -0.879
0.0152 0.01508 9.47712 1.4774891138 2.5369975567    1.475  2.454  3.6128  1.556    3  0.000  0.373     0.00     0.00 -1 -1.55e-10      0.00 6.891e-01 2.955e-01 1.870e-03 1.701e-03 6.686e-03 -1.000 1.540e-02 -1.365 0.055 -1.003 -1.439 -1.658 -1.771 -0.961
0.0152 0.01508 9.47712 1.4776499271 2.5370113850    1.475  2.494  3.6097  1.503    3  0.000  0.373     0.00     0.00 -1 -1.81e-10      0.00 6.891e-01 2.955e-01 1.870e-03 1.701e-03 6.686e-03 -1.000 1.540e-02 -1.466 -0.013 -1.080 -1.526 -1.751 -1.868 -1.042
0.0152 0.01508 9.47712 1.4777963161 2.5370237827    1.475  2.533  3.6066  1.452    3  0.000  0.373     0.00     0.00 -1  -2.1e-10      0.00 6.891e-01 2.955e-01 1.869e-03 1.701e-03 6.686e-03 -1.000 1.540e-02 -1.564 -0.066 -1.149 -1.611 -1.845 -1.966 -1.117
0.0152 0.01508 9.47712 1.4779335260 2.5370354652    1.475  2.573  3.6035  1.400    3  0.000  0.373     0.00     0.00 -1 -2.44e-10      0.00 6.891e-01 2.955e-01 1.869e-03 1.702e-03 6.686e-03 -1.000 1.540e-02 -1.662 -0.119 -1.218 -1.696 -1.938 -2.064 -1.192
0.0152 0.01508 9.47712 1.4780625105 2.5370464325    1.475  2.612  3.6004  1.348    3  0.000  0.373     0.00     0.00 -1 -2.84e-10      0.00 6.891e-01 2.955e-01 1.869e-03 1.702e-03 6.686e-03 -1.000 1.540e-02 -1.761 -0.171 -1.287 -1.782 -2.032 -2.162 -1.267
0.0152 0.01508 9.47712 1.4781782627 2.5370564461    1.475  2.650  3.5973  1.298    3  0.000  0.373     0.00     0.00 -1 -3.28e-10      0.00 6.891e-01 2.955e-01 1.869e-03 1.702e-03 6.686e-03 -1.000 1.540e-02 -1.855 -0.215 -1.344 -1.862 -2.121 -2.256 -1.334
0.0152 0.01508 9.47712 1.4782876968 2.5370657444    1.475  2.688  3.5942  1.248    3  0.000  0.373     0.00     0.00 -1  -3.8e-10      0.00 6.891e-01 2.955e-01 1.869e-03 1.702e-03 6.686e-03 -1.000 1.540e-02 -1.949 -0.259 -1.402 -1.941 -2.211 -2.351 -1.401
0.0152 0.01508 9.47712 1.4783902168 2.5370743275    1.475  2.725  3.5911  1.198    3  0.000  0.373     0.00     0.00 -1 -4.39e-10      0.00 6.891e-01 2.955e-01 1.869e-03 1.702e-03 6.686e-03 -1.000 1.540e-02 -2.044 -0.302 -1.459 -2.021 -2.300 -2.445 -1.468
0.0152 0.01508 9.47712 1.4784828424 2.5370821953    1.475  2.761  3.5880  1.149    3  0.000  0.373     0.00     0.00 -1 -5.05e-10      0.00 6.891e-01 2.955e-01 1.869e-03 1.702e-03 6.686e-03 -1.000 1.540e-02 -2.134 -0.338 -1.506 -2.094 -2.384 -2.535 -1.527
0.0152 0.01508 9.47712 1.4785717726 2.5370898247    1.474  2.798  3.5848  1.100    3  0.000  0.373     0.00     0.00 -1 -5.82e-10      0.00 6.891e-01 2.955e-01 1.869e-03 1.702e-03 6.686e-03 -1.000 1.540e-02 -2.225 -0.372 -1.550 -2.168 -2.470 -2.626 -1.586
0.0152 0.01508 9.47712 1.4786549807 2.5370969772    1.474  2.835  3.5817  1.051    3  0.000  0.373     0.00     0.00 -1 -6.71e-10      0.00 6.891e-01 2.955e-01 1.869e-03 1.702e-03 6.686e-03 -1.000 1.540e-02 -2.317 -0.405 -1.595 -2.241 -2.555 -2.717 -1.645
0.0152 0.01508 9.47712 1.4787491560 2.5371050835    1.474  2.878  3.5777  0.991    3  0.000  0.373     0.00     0.00 -1 -7.95e-10      0.00 6.891e-01 2.955e-01 1.869e-03 1.703e-03 6.686e-03 -1.000 1.540e-02 -2.426 -0.434 -1.633 -2.326 -2.657 -2.827 -1.707
0.0152 0.01508 9.47712 1.4788351059 2.5371122360    1.473  2.921  3.5736  0.932    3  0.000  0.373     0.00     0.00 -1  -9.4e-10      0.00 6.891e-01 2.955e-01 1.869e-03 1.703e-03 6.686e-03 -1.000 1.540e-02 -2.533 -0.452 -1.657 -2.404 -2.755 -2.934 -1.761
0.0152 0.01508 9.47712 1.4789141417 2.5371189117    1.473  2.963  3.5697  0.874    3  0.000  0.373     0.00     0.00 -1 -1.11e-09      0.00 6.891e-01 2.955e-01 1.869e-03 1.703e-03 6.686e-03 -1.000 1.540e-02 -2.637 -0.466 -1.679 -2.480 -2.851 -3.039 -1.812
0.0152 0.01508 9.47712 1.4789872169 2.5371253490    1.473  3.004  3.5657  0.817    3  0.000  0.373     0.00     0.00 -1  -1.3e-09      0.00 6.891e-01 2.955e-01 1.869e-03 1.703e-03 6.686e-03 -1.000 1.540e-02 -2.740 -0.464 -1.676 -2.548 -2.942 -3.141 -1.850
0.0152 0.01508 9.47712 1.4790550470 2.5371310711    1.472  3.044  3.5618  0.761    3  0.000  0.373     0.00     0.00 -1 -1.53e-09      0.00 6.891e-01 2.955e-01 1.869e-03 1.703e-03 6.686e-03 -1.000 1.540e-02 -2.841 -0.460 -1.672 -2.615 -3.032 -3.242 -1.888
0.0152 0.01508 9.47712 1.4791178703 2.5371363163    1.472  3.084  3.5578  0.705    3  0.000  0.373     0.00     0.00 -1 -1.79e-09      0.00 6.891e-01 2.955e-01 1.869e-03 1.703e-03 6.686e-03 -1.000 1.540e-02 -2.940 -0.442 -1.650 -2.675 -3.117 -3.339 -1.916
0.0152 0.01508 9.47712 1.4791758060 2.5371413231    1.471  3.123  3.5538  0.650    3  0.000  0.373     0.00     0.00 -1 -2.09e-09      0.00 6.891e-01 2.955e-01 1.869e-03 1.703e-03 6.686e-03 -1.000 1.540e-02 -3.036 -0.412 -1.614 -2.728 -3.197 -3.434 -1.937
0.0152 0.01508 9.47712 1.4792292118 2.5371458530    1.470  3.160  3.5498  0.597    3  0.000  0.373     0.00     0.00 -1 -2.43e-09      0.00 6.891e-01 2.955e-01 1.869e-03 1.703e-03 6.686e-03 -1.000 1.540e-02 -3.130 -0.379 -1.574 -2.777 -3.273 -3.525 -1.954
0.0152 0.01508 9.47712 1.4792797565 2.5371501446    1.469  3.198  3.5458  0.543    3  0.000  0.373     0.00     0.00 -1 -2.83e-09      0.00 6.890e-01 2.955e-01 1.869e-03 1.703e-03 6.686e-03 -1.000 1.540e-02 -3.224 -0.318 -1.507 -2.814 -3.340 -3.612 -1.956
0.0152 0.01508 9.47712 1.4793266058 2.5371541977    1.469  3.234  3.5418  0.490    3  0.000  0.373     0.00     0.00 -1 -3.29e-09      0.00 6.890e-01 2.955e-01 1.869e-03 1.703e-03 6.686e-03 -1.000 1.540e-02 -3.315 -0.254 -1.436 -2.848 -3.405 -3.698 -1.956
0.0152 0.01508 9.47712 1.4793703556 2.5371577740    1.468  3.270  3.5377  0.438    3  0.000  0.373     0.00     0.00 -1  -3.8e-09      0.00 6.890e-01 2.955e-01 1.869e-03 1.703e-03 6.686e-03 -1.000 1.540e-02 -3.404 -0.167 -1.346 -2.870 -3.460 -3.778 -1.944
0.0152 0.01508 9.47712 1.4794118404 2.5371613503    1.467  3.305  3.5337  0.387    3  0.000  0.373     0.00     0.00 -1 -4.39e-09      0.00 6.890e-01 2.955e-01 1.869e-03 1.703e-03 6.686e-03 -1.000 1.540e-02 -3.492 -0.066 -1.245 -2.885 -3.507 -3.853 -1.925
0.0152 0.01508 9.47712 1.4794503450 2.5371646881    1.466  3.338  3.5299  0.338    3  0.000  0.373     0.00     0.00 -1 -5.04e-09      0.00 6.890e-01 2.955e-01 1.869e-03 1.703e-03 6.686e-03 -1.000 1.540e-02 -3.575 0.031 -1.147 -2.897 -3.551 -3.925 -1.905
0.0152 0.01508 9.47712 1.4794901609 2.5371680260    1.464  3.371  3.5260  0.289    3  0.000  0.373     0.00     0.00 -1 -5.79e-09      0.00 6.890e-01 2.955e-01 1.869e-03 1.703e-03 6.686e-03 -1.000 1.540e-02 -3.658 0.173 -1.022 -2.885 -3.570 -3.985 -1.864
0.0152 0.01508 9.47712 1.4794901609 2.5371680260    1.464  1.732  3.6770  2.531    4  0.000  0.375     0.00     0.00 -1    -1e-30      0.00 6.876e-01 2.970e-01 1.883e-03 1.681e-03 6.697e-03 -1.000 1.537e-02 0.439 1.189 0.460 0.203 0.086 0.031 0.536
0.0152 0.01508 9.47712 1.4800015688 2.5372114182    1.465  1.747  3.6758  2.512    4  0.000  0.375     0.00     0.00 -1    -1e-30      0.00 6.876e-01 2.970e-01 1.883e-03 1.682e-03 6.697e-03 -1.000 1.537e-02 0.403 1.162 0.427 0.168 0.050 -0.006 0.503
0.0152 0.01508 9.47712 1.4805471897 2.5372579098    1.465  1.753  3.6755  2.505    4  0.000  0.375     0.00     0.00 -1    -1e-30      0.00 6.876e-01 2.970e-01 1.883e-03 1.682e-03 6.696e-03 -1.000 1.537e-02 0.388 1.151 0.414 0.154 0.035 -0.021 0.490
0.0152 0.01508 9.47712 1.4811007977 2.5373048782    1.466  1.752  3.6757  2.507    4  0.000  0.375     0.00     0.00 -1    -1e-30      0.00 6.876e-01 2.970e-01 1.882e-03 1.683e-03 6.696e-03 -1.000 1.537e-02 0.389 1.149 0.414 0.155 0.036 -0.020 0.490
0.0152 0.01508 9.47712 1.4816585779 2.5373520851    1.467  1.751  3.6761  2.509    4  0.000  0.375     0.00     0.00 -1    -1e-30      0.00 6.876e-01 2.970e-01 1.882e-03 1.684e-03 6.695e-03 -1.000 1.537e-02 0.392 1.149 0.416 0.157 0.039 -0.017 0.492
0.0152 0.01508 9.47712 1.4822279215 2.5374002457    1.467  1.750  3.6764  2.512    4  0.000  0.375     0.00     0.00 -1    -1e-30      0.00 6.876e-01 2.970e-01 1.882e-03 1.684e-03 6.695e-03 -1.000 1.537e-02 0.395 1.149 0.417 0.160 0.042 -0.013 0.493
0.0152 0.01508 9.47712 1.4827834368 2.5374472141    1.468  1.749  3.6767  2.515    4  0.000  0.375     0.00     0.00 -1    -1e-30      0.00 6.876e-01 2.970e-01 1.881e-03 1.685e-03 6.695e-03 -1.000 1.537e-02 0.397 1.149 0.419 0.162 0.044 -0.011 0.495
0.0152 0.01508 9.47712 1.4833604097 2.5374960899    1.469  1.748  3.6771  2.517    4  0.000  0.375     0.00     0.00 -1    -1e-30      0.00 6.876e-01 2.970e-01 1.881e-03 1.686e-03 6.694e-03 -1.000 1.537e-02 0.400 1.149 0.420 0.164 0.047 -0.008 0.496
0.0152 0.01508 9.47712 1.4839199781 2.5375432968    1.469  1.747  3.6774  2.519    4  0.000  0.374     0.00     0.00 -1    -1e-30      0.00 6.876e-01 2.970e-01 1.881e-03 1.686e-03 6.694e-03 -1.000 1.537e-02 0.402 1.148 0.421 0.165 0.049 -0.006 0.497
0.0152 0.01508 9.47712 1.4844592810 2.5375888348    1.470  1.747  3.6777  2.521    4  0.000  0.374     0.00     0.00 -1    -1e-30      0.00 6.876e-01 2.970e-01 1.880e-03 1.687e-03 6.693e-03 -1.000 1.537e-02 0.403 1.148 0.422 0.167 0.050 -0.004 0.498
0.0152 0.01508 9.47712 1.4849941730 2.5376341343    1.470  1.746  3.6779  2.523    4  0.000  0.374     0.00     0.00 -1    -1e-30      0.00 6.876e-01 2.970e-01 1.880e-03 1.688e-03 6.693e-03 -1.000 1.537e-02 0.404 1.146 0.421 0.167 0.051 -0.003 0.498
0.0152 0.01508 9.47712 1.4855232239 2.5376787186    1.471  1.746  3.6781  2.524    4  0.000  0.374     0.00     0.00 -1    -1e-30      0.00 6.876e-01 2.970e-01 1.880e-03 1.688e-03 6.693e-03 -1.000 1.537e-02 0.404 1.145 0.421 0.167 0.051 -0.002 0.497
0.0152 0.01508 9.47712 1.4860547781 2.5377233028    1.471  1.746  3.6783  2.525    4  0.000  0.374     0.00     0.00 -1    -1e-30      0.00 6.876e-01 2.970e-01 1.879e-03 1.689e-03 6.692e-03 -1.000 1.537e-02 0.405 1.143 0.420 0.167 0.051 -0.002 0.497
0.0152 0.01508 9.47712 1.4866300821 2.5377717018    1.472  1.746  3.6785  2.526    4  0.000  0.374     0.00     0.00 -1    -1e-30      0.00 6.876e-01 2.971e-01 1.879e-03 1.689e-03 6.692e-03 -1.000 1.537e-02 0.404 1.141 0.419 0.166 0.051 -0.002 0.496
0.0152 0.01508 9.47712 1.4871311188 2.5378139019    1.473  1.746  3.6787  2.526    4  0.000  0.374     0.00     0.00 -1    -1e-30      0.00 6.876e-01 2.971e-01 1.879e-03 1.690e-03 6.692e-03 -1.000 1.537e-02 0.404 1.139 0.418 0.165 0.051 -0.002 0.495
0.0152 0.01508 9.47712 1.4872018099 2.5378198624    1.473  1.747  3.6787  2.527    4  0.000  0.374     0.00     0.00 -1    -1e-30      0.00 6.876e-01 2.971e-01 1.879e-03 1.690e-03 6.692e-03 -1.000 1.537e-02 0.404 1.139 0.418 0.165 0.051 -0.002 0.494
0.0152 0.01508 9.47712 1.4877650738 2.5378670692    1.473  1.747  3.6789  2.527    4  0.000  0.374     0.00     0.00 -1    -1e-30      0.00 6.876e-01 2.971e-01 1.878e-03 1.691e-03 6.691e-03 -1.000 1.537e-02 0.403 1.137 0.417 0.164 0.050 -0.003 0.493
0.0152 0.01508 9.47712 1.4883044958 2.5379123688    1.474  1.747  3.6790  2.527    4  0.000  0.374     0.00     0.00 -1    -1e-30      0.00 6.876e-01 2.971e-01 1.878e-03 1.691e-03 6.691e-03 -1.000 1.537e-02 0.402 1.134 0.415 0.163 0.048 -0.004 0.491
0.0152 0.01508 9.47712 1.4888617992 2.5379590988    1.475  1.748  3.6792  2.527    4  0.000  0.374     0.00     0.00 -1    -1e-30      0.00 6.876e-01 2.971e-01 1.878e-03 1.692e-03 6.690e-03 -1.000 1.537e-02 0.400 1.131 0.413 0.161 0.047 -0.006 0.489
0.0152 0.01508 9.47712 1.4894301891 2.5380067825    1.475  1.749  3.6792  2.527    4  0.000  0.374     0.00     0.00 -1    -1e-30      0.00 6.876e-01 2.971e-01 1.877e-03 1.693e-03 6.690e-03 -1.000 1.537e-02 0.397 1.128 0.410 0.158 0.044 -0.009 0.486
0.0152 0.01508 9.47712 1.4900021553 2.5380547047    1.476  1.750  3.6793  2.526    4  0.000  0.374     0.00     0.00 -1    -1e-30      0.00 6.876e-01 2.971e-01 1.877e-03 1.693e-03 6.690e-03 -1.000 1.537e-02 0.394 1.125 0.406 0.155 0.041 -0.012 0.483
0.0152 0.01508 9.47712 1.4905389547 2.5380995274    1.476  1.752  3.6793  2.525    4  0.000  0.374     0.00     0.00 -1    -1e-30      0.00 6.876e-01 2.971e-01 1.877e-03 1.694e-03 6.689e-03 -1.000 1.537e-02 0.391 1.121 0.403 0.151 0.037 -0.015 0.479
0.0152 0.01508 9.47712 1.4910693169 2.5381438732    1.477  1.753  3.6793  2.523    4  0.000  0.374     0.00     0.00 -1    -1e-30      0.00 6.876e-01 2.971e-01 1.876e-03 1.695e-03 6.689e-03 -1.000 1.537e-02 0.386 1.117 0.399 0.147 0.033 -0.019 0.475
0.0152 0.01508 9.47712 1.4911198616 2.5381479263    1.477  1.754  3.6793  2.523    4  0.000  0.374     0.00     0.00 -1    -1e-30      0.00 6.876e-01 2.971e-01 1.876e-03 1.695e-03 6.689e-03 -1.000 1.537e-02 0.386 1.116 0.398 0.147 0.033 -0.020 0.475
0.0152 0.01508 9.47712 1.4911710024 2.5381522179    1.477  1.754  3.6793  2.523    4  0.000  0.374     0.00     0.00 -1    -1e-30      0.00 6.876e-01 2.971e-01 1.876e-03 1.695e-03 6.689e-03 -1.000 1.537e-02 0.386 1.116 0.398 0.146 0.032 -0.020 0.474
0.0152 0.01508 9.47712 1.4916845560 2.5381951332    1.478  1.756  3.6792  2.521    4  0.000  0.374     0.00     0.00 -1    -1e-30      0.00 6.875e-01 2.971e-01 1.876e-03 1.695e-03 6.688e-03 -1.000 1.537e-02 0.381 1.112 0.393 0.141 0.027 -0.025 0.469
0.0152 0.01508 9.47712 1.4922374487 2.5382413864    1.478  1.758  3.6791  2.518    4  0.000  0.374     0.00     0.00 -1    -1e-30      0.00 6.875e-01 2.971e-01 1.876e-03 1.696e-03 6.688e-03 -1.000 1.537e-02 0.374 1.106 0.387 0.135 0.021 -0.032 0.464
0.0152 0.01508 9.47712 1.4927570820 2.5382845402    1.479  1.761  3.6789  2.515    4  0.000  0.374     0.00     0.00 -1    -1e-30      0.00 6.875e-01 2.971e-01 1.875e-03 1.696e-03 6.688e-03 -1.000 1.537e-02 0.367 1.100 0.381 0.128 0.014 -0.039 0.457
0.0152 0.01508 9.47712 1.4932841063 2.5383284092    1.479  1.765  3.6787  2.510    4  0.000  0.374     0.00     0.00 -1    -1e-30      0.00 6.875e-01 2.971e-01 1.875e-03 1.697e-03 6.687e-03 -1.000 1.537e-02 0.359 1.094 0.373 0.120 0.006 -0.048 0.449
0.0152 0.01508 9.47712 1.4938147068 2.5383725166    1.480  1.769  3.6784  2.505    4  0.000  0.374     0.00     0.00 -1    -1e-30      0.00 6.875e-01 2.971e-01 1.875e-03 1.698e-03 6.687e-03 -1.000 1.537e-02 0.348 1.086 0.364 0.110 -0.005 -0.058 0.440
0.0152 0.01508 9.47712 1.4943476915 2.5384168625    1.481  1.773  3.6780  2.499    4  0.000  0.374     0.00     0.00 -1    -1e-30      0.00 6.875e-01 2.971e-01 1.874e-03 1.698e-03 6.687e-03 -1.000 1.537e-02 0.336 1.077 0.353 0.099 -0.017 -0.070 0.429
0.0152 0.01508 9.47712 1.4948709011 2.5384604931    1.481  1.779  3.6776  2.492    4  0.000  0.374     0.00     0.00 -1    -1e-30      0.00 6.875e-01 2.971e-01 1.874e-03 1.699e-03 6.686e-03 -1.000 1.537e-02 0.323 1.067 0.341 0.086 -0.030 -0.084 0.417
0.0152 0.01508 9.47712 1.4953964949 2.5385041237    1.482  1.784  3.6772  2.485    4  0.000  0.374     0.00     0.00 -1    -1e-30      0.00 6.875e-01 2.971e-01 1.874e-03 1.699e-03 6.686e-03 -1.000 1.537e-02 0.309 1.057 0.329 0.073 -0.044 -0.098 0.405
0.0152 0.01508 9.47712 1.4959198236 2.5385475159    1.482  1.790  3.6767  2.478    4  0.000  0.373     0.00     0.00 -1    -1e-30      0.00 6.875e-01 2.971e-01 1.873e-03 1.700e-03 6.686e-03 -1.000 1.537e-02 0.296 1.048 0.317 0.060 -0.058 -0.112 0.393
0.0152 0.01508 9.47712 1.4964568615 2.5385918617    1.483  1.799  3.6759  2.466    4  0.000  0.373     0.00     0.00 -1    -1e-30      0.00 6.875e-01 2.971e-01 1.873e-03 1.701e-03 6.685e-03 -1.000 1.537e-02 0.273 1.032 0.296 0.038 -0.081 -0.136 0.372
0.0152 0.01508 9.47712 1.4969900846 2.5386359692    1.483  1.821  3.6739  2.436    4  0.000  0.373     0.00     0.00 -1    -1e-30      0.00 6.875e-01 2.971e-01 1.873e-03 1.701e-03 6.685e-03 -1.000 1.537e-02 0.218 0.995 0.248 -0.015 -0.136 -0.192 0.325
0.0152 0.01508 9.47712 1.4974941015 2.5386776924    1.484  1.861  3.6702  2.381    4  0.000  0.373     0.00     0.00 -1    -1e-30      0.00 6.875e-01 2.971e-01 1.872e-03 1.702e-03 6.684e-03 -1.000 1.537e-02 0.116 0.925 0.158 -0.112 -0.239 -0.298 0.235
0.0152 0.01508 9.47712 1.4977267981 2.5386970043    1.484  1.900  3.6668  2.328    4  0.000  0.373     0.00     0.00 -1    -1e-30      0.00 6.875e-01 2.971e-01 1.872e-03 1.702e-03 6.684e-03 -1.000 1.537e-02 0.019 0.860 0.074 -0.204 -0.336 -0.398 0.150
0.0152 0.01508 9.47712 1.4978469610 2.5387070179    1.484  1.940  3.6634  2.275    4  0.000  0.373     0.00     0.00 -1    -1e-30      0.00 6.875e-01 2.971e-01 1.872e-03 1.702e-03 6.684e-03 -1.000 1.537e-02 -0.080 0.794 -0.013 -0.299 -0.435 -0.500 0.063
0.0152 0.01508 9.47712 1.4979066849 2.5387117863    1.484  1.979  3.6600  2.222    4  0.000  0.373     0.00     0.00 -1    -1e-30      0.00 6.875e-01 2.971e-01 1.872e-03 1.702e-03 6.684e-03 -1.000 1.537e-02 -0.178 0.729 -0.097 -0.391 -0.532 -0.599 -0.021
0.0152 0.01508 9.47712 1.4979373217 2.5387144089    1.484  2.019  3.6566  2.168    4  0.000  0.373     0.00     0.00 -1    -1e-30      0.00 6.875e-01 2.971e-01 1.872e-03 1.702e-03 6.684e-03 -1.000 1.537e-02 -0.279 0.663 -0.183 -0.485 -0.632 -0.702 -0.108
0.0152 0.01508 9.47712 1.4979534149 2.5387158394    1.485  2.058  3.6534  2.117    4  0.000  0.373     0.00     0.00 -1    -1e-30      0.00 6.875e-01 2.971e-01 1.872e-03 1.702e-03 6.684e-03 -1.000 1.537e-02 -0.374 0.601 -0.265 -0.575 -0.726 -0.799 -0.190
0.0152 0.01508 9.47712 1.4979636669 2.5387165546    1.485  2.094  3.6504  2.069    4  0.000  0.373     0.00     0.00 -1    -1e-30      0.00 6.875e-01 2.971e-01 1.872e-03 1.702e-03 6.684e-03 -1.000 1.537e-02 -0.464 0.543 -0.342 -0.659 -0.815 -0.890 -0.268
0.0152 0.01508 9.47712 1.4979646206 2.5387165546    1.485  2.097  3.6500  2.064    4  0.000  0.373     0.00     0.00 -1    -1e-30      0.00 6.875e-01 2.971e-01 1.872e-03 1.702e-03 6.684e-03 -1.000 1.537e-02 -0.473 0.537 -0.350 -0.668 -0.824 -0.900 -0.276
0.0152 0.01508 9.47712 1.4979647398 2.5387165546    1.485  2.098  3.6500  2.064    7  0.000  0.373     0.00     0.00 -1    -1e-30      0.00 6.875e-01 2.971e-01 1.872e-03 1.702e-03 6.684e-03 -1.000 1.537e-02 -0.475 0.536 -0.351 -0.669 -0.825 -0.901 -0.277
0.0152 0.01508 9.47712 1.4979718924 2.5387172699    1.485  2.131  3.6473  2.020    7  0.000  0.373     0.00     0.00 -1    -1e-30      0.00 6.875e-01 2.971e-01 1.872e-03 1.702e-03 6.684e-03 -1.000 1.537e-02 -0.558 0.484 -0.420 -0.746 -0.907 -0.985 -0.347
0.0152 0.01508 9.47712 1.4979798794 2.5387179852    1.485  2.168  3.6442  1.970    7  0.000  0.373     0.00     0.00 -1    -1e-30      0.00 6.875e-01 2.971e-01 1.872e-03 1.702e-03 6.684e-03 -1.000 1.537e-02 -0.651 0.424 -0.498 -0.832 -0.997 -1.078 -0.426
0.0152 0.01508 9.47712 1.4979881048 2.5387187004    1.485  2.190  3.6424  1.941    7  0.000  0.373     0.00     0.00 -1    -1e-30      0.00 6.875e-01 2.971e-01 1.872e-03 1.702e-03 6.684e-03 -1.000 1.537e-02 -0.706 0.388 -0.544 -0.883 -1.050 -1.132 -0.473
0.0152 0.01508 9.47712 1.4980067015 2.5387201309    1.485  2.206  3.6412  1.921    7  0.000  0.373     0.00     0.00 -1    -1e-30      0.00 6.875e-01 2.971e-01 1.872e-03 1.702e-03 6.684e-03 -1.000 1.537e-02 -0.744 0.362 -0.576 -0.918 -1.087 -1.170 -0.505
0.0152 0.01508 9.47712 1.4980223179 2.5387213230    1.485  2.192  3.6424  1.939    7  0.000  0.373     0.00     0.00 -1 -1.51e-30      0.00 6.875e-01 2.971e-01 1.872e-03 1.702e-03 6.684e-03 -1.000 1.538e-02 -0.710 0.384 -0.548 -0.887 -1.054 -1.136 -0.477
0.0152 0.01508 9.47712 1.4980561733 2.5387241840    1.485  2.162  3.6449  1.980    7  0.000  0.373     0.00     0.00 -1 -6.15e-30      0.00 6.875e-01 2.971e-01 1.872e-03 1.703e-03 6.684e-03 -1.000 1.541e-02 -0.634 0.434 -0.484 -0.817 -0.981 -1.061 -0.412
0.0152 0.01508 9.47712 1.4984260798 2.5387547016    1.485  2.154  3.6455  1.990    7  0.000  0.373     0.00     0.00 -1 -6.68e-17      0.00 6.875e-01 2.966e-01 1.872e-03 1.703e-03 6.684e-03 -1.000 1.590e-02 -0.614 0.448 -0.467 -0.798 -0.962 -1.041 -0.395
0.0152 0.01508 9.47712 1.4987009764 2.5387773514    1.485  2.188  3.6427  1.945    7  0.000  0.373     0.00     0.00 -1 -2.57e-10      0.00 6.875e-01 2.965e-01 1.872e-03 1.703e-03 6.684e-03 -1.000 1.598e-02 -0.699 0.393 -0.538 -0.876 -1.043 -1.125 -0.467
0.0152 0.01508 9.47712 1.4989144802 2.5387949944    1.485  2.229  3.6392  1.889    7  0.000  0.373     0.00     0.00 -1 -3.16e-10      0.00 6.875e-01 2.965e-01 1.871e-03 1.703e-03 6.683e-03 -1.000 1.598e-02 -0.803 0.324 -0.624 -0.971 -1.143 -1.228 -0.554
0.0152 0.01508 9.47712 1.4990892410 2.5388095379    1.485  2.271  3.6358  1.833    7  0.000  0.373     0.00     0.00 -1 -3.89e-10      0.00 6.875e-01 2.965e-01 1.871e-03 1.704e-03 6.683e-03 -1.000 1.598e-02 -0.908 0.257 -0.708 -1.066 -1.244 -1.331 -0.641
0.0152 0.01508 9.47712 1.4992358685 2.5388216972    1.484  2.313  3.6323  1.778    7  0.000  0.373     0.00     0.00 -1  -4.8e-10      0.00 6.875e-01 2.965e-01 1.871e-03 1.704e-03 6.683e-03 -1.000 1.598e-02 -1.013 0.189 -0.792 -1.159 -1.342 -1.432 -0.727
0.0152 0.01508 9.47712 1.4993613958 2.5388319492    1.484  2.354  3.6289  1.723    7  0.000  0.373     0.00     0.00 -1  -5.9e-10      0.00 6.875e-01 2.965e-01 1.871e-03 1.704e-03 6.683e-03 -1.000 1.598e-02 -1.116 0.121 -0.874 -1.250 -1.439 -1.533 -0.812
0.0152 0.01508 9.47712 1.4994703531 2.5388410091    1.484  2.395  3.6255  1.668    7  0.000  0.373     0.00     0.00 -1 -7.24e-10      0.00 6.875e-01 2.965e-01 1.871e-03 1.704e-03 6.683e-03 -1.000 1.598e-02 -1.218 0.055 -0.953 -1.341 -1.535 -1.632 -0.895
0.0152 0.01508 9.47712 1.4995653629 2.5388488770    1.483  2.436  3.6222  1.614    7  0.000  0.373     0.00     0.00 -1 -8.84e-10      0.00 6.875e-01 2.965e-01 1.871e-03 1.704e-03 6.683e-03 -1.000 1.598e-02 -1.320 -0.011 -1.032 -1.430 -1.630 -1.731 -0.977
0.0152 0.01508 9.47712 1.4996498823 2.5388557911    1.483  2.476  3.6188  1.560    7  0.000  0.373     0.00     0.00 -1 -1.07e-09      0.00 6.875e-01 2.965e-01 1.871e-03 1.704e-03 6.683e-03 -1.000 1.598e-02 -1.421 -0.077 -1.109 -1.517 -1.724 -1.828 -1.057
0.0152 0.01508 9.47712 1.4997268915 2.5388619900    1.483  2.517  3.6154  1.506    7  0.000  0.373     0.00     0.00 -1 -1.31e-09      0.00 6.875e-01 2.965e-01 1.871e-03 1.704e-03 6.683e-03 -1.000 1.598e-02 -1.522 -0.141 -1.184 -1.604 -1.817 -1.925 -1.136
0.0152 0.01508 9.47712 1.4997978210 2.5388679504    1.482  2.557  3.6120  1.452    7  0.000  0.373     0.00     0.00 -1 -1.59e-09      0.00 6.875e-01 2.965e-01 1.871e-03 1.704e-03 6.683e-03 -1.000 1.598e-02 -1.622 -0.196 -1.257 -1.692 -1.912 -2.025 -1.214
0.0152 0.01508 9.47712 1.4998646975 2.5388734341    1.482  2.597  3.6070  1.391    7  0.000  0.373     0.00     0.00 -1 -1.93e-09      0.00 6.875e-01 2.965e-01 1.871e-03 1.705e-03 6.683e-03 -1.000 1.598e-02 -1.723 -0.226 -1.312 -1.772 -2.005 -2.125 -1.279
0.0152 0.01508 9.47712 1.4999111891 2.5388772488    1.481  2.628  3.6029  1.344    7  0.000  0.373     0.00     0.00 -1 -2.24e-09      0.00 6.875e-01 2.965e-01 1.870e-03 1.705e-03 6.683e-03 -1.000 1.598e-02 -1.799 -0.242 -1.349 -1.831 -2.074 -2.201 -1.324
0.0152 0.01508 9.47712 1.4999694824 2.5388820171    1.480  2.668  3.5990  1.288    7  0.000  0.373     0.00     0.00 -1 -2.72e-09      0.00 6.875e-01 2.965e-01 1.869e-03 1.706e-03 6.683e-03 -1.000 1.598e-02 -1.900 -0.285 -1.411 -1.915 -2.169 -2.302 -1.395
0.0152 0.01508 9.47712 1.5000233650 2.5388865471    1.480  2.707  3.5956  1.235    7  0.000  0.372     0.00     0.00 -1 -3.26e-09      0.00 6.875e-01 2.965e-01 1.867e-03 1.708e-03 6.683e-03 -1.000 1.598e-02 -1.998 -0.327 -1.467 -1.996 -2.261 -2.399 -1.462
0.0152 0.01508 9.47712 1.5000779629 2.5388910770    1.479  2.747  3.5920  1.181    7  0.000  0.372     0.00     0.00 -1 -3.94e-09      0.00 6.875e-01 2.965e-01 1.863e-03 1.712e-03 6.683e-03 -1.000 1.598e-02 -2.096 -0.369 -1.524 -2.078 -2.354 -2.498 -1.530
0.0152 0.01508 9.47712 1.5001319647 2.5388953686    1.477  2.787  3.5884  1.126    7  0.000  0.371     0.00     0.00 -1 -4.78e-09      0.00 6.875e-01 2.965e-01 1.860e-03 1.716e-03 6.683e-03 -1.000 1.598e-02 -2.197 -0.406 -1.576 -2.160 -2.448 -2.598 -1.595
0.0152 0.01508 9.47712 1.5001804829 2.5388994217    1.476  2.829  3.5845  1.068    7  0.000  0.370     0.00     0.00 -1 -5.81e-09      0.00 6.875e-01 2.965e-01 1.856e-03 1.720e-03 6.683e-03 -1.000 1.598e-02 -2.301 -0.440 -1.622 -2.242 -2.546 -2.702 -1.659
0.0152 0.01508 9.47712 1.5002151728 2.5389022827    1.475  2.870  3.5806  1.011    7  0.000  0.370     0.00     0.00 -1 -7.03e-09      0.00 6.875e-01 2.965e-01 1.854e-03 1.724e-03 6.683e-03 -1.000 1.598e-02 -2.404 -0.473 -1.669 -2.323 -2.641 -2.805 -1.722
0.0152 0.01508 9.47712 1.5002377033 2.5389041901    1.474  2.905  3.5772  0.962    7  0.000  0.369     0.00     0.00 -1 -8.28e-09      0.00 6.875e-01 2.965e-01 1.851e-03 1.726e-03 6.683e-03 -1.000 1.599e-02 -2.494 -0.488 -1.691 -2.390 -2.724 -2.894 -1.768
0.0152 0.01508 9.47712 1.5002560616 2.5389056206    1.473  2.942  3.5735  0.911    7  0.000  0.369     0.00     0.00 -1 -9.76e-09      0.00 6.875e-01 2.965e-01 1.849e-03 1.729e-03 6.683e-03 -1.000 1.600e-02 -2.584 -0.498 -1.707 -2.455 -2.807 -2.986 -1.811
0.0152 0.01508 9.47712 1.5002727509 2.5389070511    1.472  2.979  3.5697  0.857    7  0.000  0.369     0.00     0.00 -1 -1.15e-08      0.00 6.875e-01 2.965e-01 1.848e-03 1.731e-03 6.683e-03 -1.000 1.600e-02 -2.678 -0.506 -1.721 -2.522 -2.892 -3.080 -1.853
0.0152 0.01508 9.47712 1.5002886057 2.5389082432    1.471  3.017  3.5657  0.803    7  0.000  0.368     0.00     0.00 -1 -1.37e-08      0.00 6.875e-01 2.965e-01 1.846e-03 1.733e-03 6.683e-03 -1.000 1.600e-02 -2.773 -0.496 -1.710 -2.582 -2.976 -3.175 -1.884
0.0152 0.01508 9.47712 1.5003018379 2.5389094353    1.470  3.052  3.5620  0.754    7  0.000  0.368     0.00     0.00 -1  -1.6e-08      0.00 6.875e-01 2.965e-01 1.845e-03 1.734e-03 6.683e-03 -1.000 1.600e-02 -2.859 -0.485 -1.698 -2.636 -3.051 -3.260 -1.911
0.0152 0.01508 9.47712 1.5003168583 2.5389106274    1.468  3.091  3.5577  0.697    7  0.000  0.368     0.00     0.00 -1 -1.91e-08      0.00 6.875e-01 2.965e-01 1.844e-03 1.735e-03 6.683e-03 -1.000 1.600e-02 -2.958 -0.457 -1.666 -2.692 -3.134 -3.357 -1.933
0.0152 0.01508 9.47712 1.5003318787 2.5389118195    1.467  3.130  3.5533  0.639    7  0.000  0.368     0.00     0.00 -1 -2.26e-08      0.00 6.875e-01 2.965e-01 1.844e-03 1.736e-03 6.683e-03 -1.000 1.600e-02 -3.055 -0.415 -1.617 -2.741 -3.213 -3.452 -1.946
0.0152 0.01508 9.47712 1.5003484488 2.5389132500    1.464  3.169  3.5488  0.581    7  0.000  0.368     0.00     0.00 -1  -2.7e-08      0.00 6.875e-01 2.965e-01 1.844e-03 1.736e-03 6.682e-03 -1.000 1.600e-02 -3.153 -0.361 -1.555 -2.785 -3.289 -3.546 -1.953
0.0152 0.01508 9.47712 1.5003666878 2.5389146805    1.461  3.207  3.5442  0.525    7  0.000  0.368     0.00     0.00 -1  -3.2e-08      0.00 6.875e-01 2.965e-01 1.844e-03 1.736e-03 6.682e-03 -1.000 1.600e-02 -3.248 -0.282 -1.469 -2.815 -3.353 -3.634 -1.945
0.0152 0.01508 9.47712 1.5003837347 2.5389161110    1.458  3.236  3.5408  0.481    7  0.000  0.368     0.00     0.00 -1 -3.63e-08      0.00 6.875e-01 2.965e-01 1.844e-03 1.736e-03 6.682e-03 -1.000 1.600e-02 -3.319 -0.219 -1.399 -2.837 -3.402 -3.700 -1.937
0.0152 0.01508 9.47712 1.5003880262 2.5389165878    1.457  3.247  3.5394  0.464    7  0.000  0.368     0.00     0.00 -1 -3.82e-08      0.00 6.875e-01 2.965e-01 1.844e-03 1.736e-03 6.682e-03 -1.000 1.600e-02 -3.347 -0.188 -1.366 -2.843 -3.419 -3.725 -1.931
0.0152 0.01508 9.47712 1.5003920794 2.5389168262    1.456  3.256  3.5382  0.450    7  0.000  0.368     0.00     0.00 -1 -3.98e-08      0.00 6.875e-01 2.965e-01 1.844e-03 1.736e-03 6.682e-03 -1.000 1.600e-02 -3.370 -0.156 -1.334 -2.844 -3.430 -3.744 -1.922
0.0152 0.01508 9.47712 1.5003926754 2.5389168262    1.456  3.243  3.5398  0.470    7  0.000  0.368     0.00     0.00 -1 -3.77e-08      0.00 6.875e-01 2.965e-01 1.844e-03 1.736e-03 6.682e-03 -1.000 1.600e-02 -3.337 -0.198 -1.377 -2.841 -3.413 -3.716 -1.932
0.0152 0.01508 9.47712 1.5003927946 2.5389168262    1.456  3.227  3.5416  0.493    7  0.000  0.368     0.00     0.00 -1 -3.52e-08      0.00 6.875e-01 2.965e-01 1.844e-03 1.736e-03 6.682e-03 -1.000 1.600e-02 -3.297 -0.230 -1.412 -2.827 -3.385 -3.679 -1.934
0.0152 0.01508 9.47712 1.5003929138 2.5389168262    1.456  3.265  3.5370  0.436    7  0.000  0.368     0.00     0.00 -1 -4.15e-08      0.00 6.875e-01 2.965e-01 1.844e-03 1.736e-03 6.682e-03 -1.000 1.600e-02 -3.394 -0.123 -1.301 -2.846 -3.441 -3.765 -1.914
0.0152 0.01508 9.47712 1.5003930330 2.5389170647    1.456  3.260  3.5378  0.445    7  0.000  0.368     0.00     0.00 -1 -4.05e-08      0.00 6.875e-01 2.965e-01 1.844e-03 1.736e-03 6.682e-03 -1.000 1.600e-02 -3.379 -0.144 -1.322 -2.845 -3.434 -3.752 -1.919
0.0152 0.01508 9.47712 1.5003931522 2.5389170647    1.456  3.256  3.5382  0.449    7  0.000  0.368     0.00     0.00 -1    -4e-08      0.00 6.875e-01 2.965e-01 1.844e-03 1.736e-03 6.682e-03 -1.000 1.600e-02 -3.371 -0.154 -1.332 -2.845 -3.430 -3.745 -1.922
0.0152 0.01508 9.47712 1.5003932714 2.5389170647    1.456  3.249  3.5391  0.461    7  0.000  0.368     0.00     0.00 -1 -3.87e-08      0.00 6.875e-01 2.965e-01 1.844e-03 1.736e-03 6.682e-03 -1.000 1.600e-02 -3.352 -0.178 -1.356 -2.842 -3.420 -3.729 -1.927
0.0152 0.01508 9.47712 1.5003947020 2.5389170647    1.456  3.265  3.5370  0.436    7  0.000  0.368     0.00     0.00 -1 -4.12e-08      0.00 6.875e-01 2.965e-01 1.844e-03 1.736e-03 6.682e-03 -1.000 1.600e-02 -3.392 -0.123 -1.301 -2.845 -3.440 -3.763 -1.913
0.0152 0.01508 9.47712 1.5003956556 2.5389170647    1.455  3.280  3.5351  0.413    7  0.000  0.368     0.00     0.00 -1 -4.41e-08      0.00 6.875e-01 2.965e-01 1.844e-03 1.736e-03 6.682e-03 -1.000 1.600e-02 -3.430 -0.069 -1.247 -2.847 -3.458 -3.795 -1.899
0.0152 0.01508 9.47712 1.5003964901 2.5389173031    1.455  3.295  3.5331  0.390    7  0.000  0.368     0.00     0.00 -1 -4.71e-08      0.00 6.875e-01 2.965e-01 1.844e-03 1.736e-03 6.682e-03 -1.000 1.600e-02 -3.468 -0.016 -1.193 -2.850 -3.477 -3.828 -1.885
0.0152 0.01508 9.47712 1.5003975630 2.5389173031    1.455  3.314  3.5307  0.362    7  0.000  0.368     0.00     0.00 -1 -5.09e-08      0.00 6.875e-01 2.965e-01 1.844e-03 1.736e-03 6.682e-03 -1.000 1.600e-02 -3.515 0.049 -1.127 -2.853 -3.500 -3.868 -1.868
0.0152 0.01508 9.47712 1.5003988743 2.5389175415    1.454  3.335  3.5280  0.329    7  0.000  0.368     0.00     0.00 -1 -5.56e-08      0.00 6.875e-01 2.965e-01 1.844e-03 1.736e-03 6.682e-03 -1.000 1.600e-02 -3.569 0.143 -1.041 -2.844 -3.513 -3.908 -1.839
0.0152 0.01508 9.47712 1.5004004240 2.5389175415    1.454  3.360  3.5248  0.292    7  0.527  0.368     0.00     0.00 -1 -6.17e-08      0.00 6.875e-01 2.965e-01 1.844e-03 1.736e-03 6.682e-03 -1.000 1.600e-02 -3.630 0.261 -0.935 -2.829 -3.524 -3.951 -1.800
0.0152 0.01508 9.47712 1.5004026890 2.5389177799    1.453  3.392  3.5207  0.242    7  0.527  0.368     0.00     0.00 -1 -7.08e-08      0.00 6.875e-01 2.965e-01 1.844e-03 1.736e-03 6.682e-03 -1.000 1.600e-02 -3.711 0.422 -0.790 -2.807 -3.536 -4.007 -1.747
0.0152 0.01508 9.47712 1.5004053116 2.5389180183    1.452  3.416  3.5174  0.205    7  0.527  0.368     0.00     0.00 -1 -7.87e-08      0.00 6.875e-01 2.965e-01 1.844e-03 1.736e-03 6.682e-03 -1.000 1.600e-02 -3.771 0.578 -0.651 -2.767 -3.522 -4.035 -1.685
0.0152 0.01508 9.47712 1.5004055500 2.5389180183    1.452  3.416  3.5174  0.205    8  0.527  0.387   118.03    64.14  1 -7.83e-08      0.00 6.875e-01 2.971e-01 1.948e-03 1.738e-03 6.715e-03 -1.000 1.540e-02 -3.771 0.578 -0.651 -2.767 -3.522 -4.035 -1.685
0.0152 0.01508 9.47712 1.5004057884 2.5389180183    1.452  3.161  3.5491  0.587    8  0.527  0.387    51.76    31.45  1 -2.68e-08      0.00 6.875e-01 2.971e-01 1.948e-03 1.738e-03 6.715e-03 -1.000 1.540e-02 -3.133 -0.355 -1.549 -2.770 -3.271 -3.526 -1.940
0.0152 0.01508 9.47712 1.5004060268 2.5389180183    1.451  3.075  3.5594  0.714    8  0.527  0.387    39.38    24.83  1 -1.85e-08      0.00 6.875e-01 2.971e-01 1.948e-03 1.738e-03 6.715e-03 -1.000 1.540e-02 -2.918 -0.471 -1.684 -2.671 -3.102 -3.319 -1.926
0.0152 0.01508 9.47712 1.5004067421 2.5389180183    1.451  2.873  3.5836  1.013    8  0.528  0.387    20.66    14.22  1 -7.52e-09      0.00 6.875e-01 2.971e-01 1.948e-03 1.738e-03 6.715e-03 -1.000 1.540e-02 -2.413 -0.533 -1.723 -2.350 -2.656 -2.813 -1.763
0.0152 0.01508 9.47712 1.5004076958 2.5389182568    1.451  2.886  3.5820  0.994    8  0.528  0.387    21.54    14.74  1 -7.98e-09      0.00 6.875e-01 2.971e-01 1.948e-03 1.738e-03 6.715e-03 -1.000 1.540e-02 -2.445 -0.535 -1.730 -2.372 -2.684 -2.845 -1.777
0.0152 0.01508 9.47712 1.5004090071 2.5389182568    1.450  2.995  3.5687  0.831    8  0.528  0.387    30.58    19.95  1  -1.3e-08      0.00 6.875e-01 2.971e-01 1.948e-03 1.738e-03 6.715e-03 -1.000 1.540e-02 -2.717 -0.517 -1.733 -2.552 -2.929 -3.119 -1.876
0.0152 0.01508 9.47712 1.5004106760 2.5389184952    1.450  3.153  3.5494  0.596    8  0.528  0.387    50.77    30.93  1 -2.59e-08      0.00 6.875e-01 2.971e-01 1.948e-03 1.738e-03 6.715e-03 -1.000 1.540e-02 -3.112 -0.347 -1.541 -2.754 -3.253 -3.506 -1.927
0.0152 0.01508 9.47712 1.5004125834 2.5389184952    1.449  3.291  3.5325  0.390    8  0.528  0.387    79.17    45.40  1 -4.67e-08      0.00 6.875e-01 2.971e-01 1.948e-03 1.738e-03 6.715e-03 -1.000 1.540e-02 -3.457 0.021 -1.155 -2.828 -3.460 -3.816 -1.858
0.0152 0.01508 9.47712 1.5004149675 2.5389187336    1.448  3.382  3.5212  0.253    8  0.528  0.387   106.32    58.57  1 -6.85e-08      0.00 6.875e-01 2.971e-01 1.948e-03 1.738e-03 6.715e-03 -1.000 1.540e-02 -3.686 0.413 -0.797 -2.796 -3.520 -3.985 -1.740
0.0152 0.01508 9.47712 1.5004175901 2.5389189720    1.447  3.430  3.5151  0.181    8  0.529  0.387   124.37    67.06  1 -8.36e-08      0.00 6.875e-01 2.971e-01 1.948e-03 1.738e-03 6.715e-03 -1.000 1.540e-02 -3.805 0.705 -0.538 -2.726 -3.499 -4.044 -1.628
0.0152 0.01508 9.47712 1.5004206896 2.5389192104    1.446  3.452  3.5121  0.147    8  0.529  0.387   133.81    71.43  1 -9.15e-08      0.00 6.875e-01 2.971e-01 1.948e-03 1.738e-03 6.715e-03 -1.000 1.540e-02 -3.859 0.860 -0.399 -2.681 -3.478 -4.065 -1.563
0.0152 0.01508 9.47712 1.5004240274 2.5389194489    1.444  3.464  3.5109  0.130    8  0.530  0.387   138.84    73.73  1 -9.65e-08      0.00 6.875e-01 2.971e-01 1.948e-03 1.738e-03 6.715e-03 -1.000 1.540e-02 -3.889 0.916 -0.351 -2.672 -3.478 -4.081 -1.545
0.0152 0.01508 9.47712 1.5004241467 2.5389194489    1.444  3.280  3.5323  0.399    8  0.530  0.387    77.72    44.65  1 -4.49e-08      0.00 6.875e-01 2.971e-01 1.948e-03 1.738e-03 6.715e-03 -1.000 1.540e-02 -3.430 0.058 -1.116 -2.796 -3.430 -3.788 -1.824
0.0152 0.01508 9.47712 1.5004245043 2.5389194489    1.444  3.130  3.5504  0.621    8  0.530  0.387    48.05    29.47  1 -2.37e-08      0.00 6.875e-01 2.971e-01 1.948e-03 1.738e-03 6.715e-03 -1.000 1.540e-02 -3.054 -0.324 -1.518 -2.708 -3.200 -3.449 -1.889
0.0152 0.01508 9.47712 1.5004252195 2.5389196873    1.444  2.928  3.5747  0.921    8  0.530  0.387    25.20    16.86  1 -9.76e-09      0.00 6.875e-01 2.971e-01 1.948e-03 1.738e-03 6.715e-03 -1.000 1.540e-02 -2.549 -0.488 -1.696 -2.428 -2.774 -2.950 -1.791
0.0152 0.01508 9.47712 1.5004261732 2.5389196873    1.443  2.940  3.5732  0.902    8  0.530  0.387    26.23    17.46  1 -1.03e-08      0.00 6.875e-01 2.971e-01 1.948e-03 1.738e-03 6.715e-03 -1.000 1.540e-02 -2.580 -0.487 -1.697 -2.449 -2.802 -2.982 -1.802
0.0152 0.01508 9.47712 1.5004274845 2.5389196873    1.442  3.048  3.5602  0.742    8  0.530  0.387    37.00    23.50  1 -1.66e-08      0.00 6.875e-01 2.971e-01 1.948e-03 1.738e-03 6.715e-03 -1.000 1.540e-02 -2.849 -0.429 -1.640 -2.611 -3.036 -3.250 -1.872
0.0152 0.01508 9.47712 1.5004291534 2.5389199257    1.442  3.203  3.5415  0.512    8  0.530  0.387    60.84    36.12  1 -3.26e-08      0.00 6.875e-01 2.971e-01 1.948e-03 1.738e-03 6.715e-03 -1.000 1.540e-02 -3.237 -0.169 -1.348 -2.765 -3.324 -3.619 -1.872
0.0152 0.01508 9.47712 1.5004311800 2.5389201641    1.441  3.339  3.5251  0.310    8  0.531  0.387    93.99    52.60  1 -5.77e-08      0.00 6.875e-01 2.971e-01 1.948e-03 1.738e-03 6.715e-03 -1.000 1.540e-02 -3.576 0.300 -0.894 -2.780 -3.473 -3.899 -1.753
0.0152 0.01508 9.47712 1.5004334450 2.5389201641    1.440  3.428  3.5142  0.177    8  0.531  0.387   125.27    67.42  1 -8.38e-08      0.00 6.875e-01 2.971e-01 1.948e-03 1.738e-03 6.715e-03 -1.000 1.540e-02 -3.800 0.774 -0.473 -2.690 -3.470 -4.028 -1.586
0.0152 0.01508 9.47712 1.5004361868 2.5389204025    1.438  3.474  3.5084  0.107    8  0.531  0.387   145.60    76.76  1 -1.02e-07      0.00 6.875e-01 2.971e-01 1.948e-03 1.738e-03 6.715e-03 -1.000 1.540e-02 -3.916 1.042 -0.240 -2.623 -3.447 -4.080 -1.483
0.0152 0.01508 9.47712 1.5004391670 2.5389206409    1.437  3.495  3.5058  0.076    8  0.532  0.387   155.77    81.36  1 -1.11e-07      0.00 6.875e-01 2.971e-01 1.948e-03 1.738e-03 6.715e-03 -1.000 1.540e-02 -3.967 1.150 -0.152 -2.593 -3.436 -4.100 -1.440
0.0152 0.01508 9.47712 1.5004426241 2.5389211178    1.435  3.506  3.5045  0.059    8  0.532  0.387   161.50    83.92  1 -1.17e-07      0.00 6.875e-01 2.971e-01 1.948e-03 1.738e-03 6.715e-03 -1.000 1.540e-02 -3.994 1.208 -0.104 -2.577 -3.430 -4.110 -1.417
0.0152 0.01508 9.47712 1.5004427433 2.5389211178    1.435  3.330  3.5258  0.320    8  0.532  0.387    92.07    51.63  1 -5.65e-08      0.00 6.875e-01 2.971e-01 1.948e-03 1.738e-03 6.715e-03 -1.000 1.540e-02 -3.556 0.280 -0.911 -2.777 -3.464 -3.882 -1.755
0.0152 0.01508 9.47712 1.5004432201 2.5389211178    1.435  3.181  3.5440  0.542    8  0.532  0.387    57.02    34.12  1 -3.01e-08      0.00 6.875e-01 2.971e-01 1.948e-03 1.738e-03 6.715e-03 -1.000 1.540e-02 -3.182 -0.209 -1.392 -2.746 -3.286 -3.568 -1.873
0.0152 0.01508 9.47712 1.5004439354 2.5389211178    1.434  2.979  3.5685  0.842    8  0.533  0.387    29.85    19.50  1 -1.25e-08      0.00 6.875e-01 2.971e-01 1.948e-03 1.738e-03 6.715e-03 -1.000 1.540e-02 -2.678 -0.476 -1.691 -2.512 -2.889 -3.080 -1.835
0.0152 0.01508 9.47712 1.5004450083 2.5389211178    1.434  2.992  3.5670  0.823    8  0.533  0.387    31.09    20.20  1 -1.33e-08      0.00 6.875e-01 2.971e-01 1.948e-03 1.738e-03 6.715e-03 -1.000 1.540e-02 -2.709 -0.465 -1.679 -2.529 -2.915 -3.111 -1.840
0.0152 0.01508 9.47712 1.5004464388 2.5389213562    1.433  3.097  3.5539  0.665    8  0.533  0.387    43.73    27.12  1 -2.11e-08      0.00 6.875e-01 2.971e-01 1.948e-03 1.738e-03 6.715e-03 -1.000 1.540e-02 -2.973 -0.356 -1.556 -2.666 -3.134 -3.371 -1.876
0.0152 0.01508 9.47712 1.5004483461 2.5389215946    1.432  3.250  3.5351  0.437    8  0.533  0.387    71.46    41.46  1 -4.05e-08      0.00 6.875e-01 2.971e-01 1.948e-03 1.738e-03 6.715e-03 -1.000 1.540e-02 -3.354 -0.000 -1.175 -2.772 -3.382 -3.719 -1.824
0.0152 0.01508 9.47712 1.5004504919 2.5389215946    1.431  3.382  3.5186  0.238    8  0.534  0.387   109.82    60.09  1 -7.06e-08      0.00 6.875e-01 2.971e-01 1.948e-03 1.738e-03 6.715e-03 -1.000 1.540e-02 -3.686 0.574 -0.647 -2.722 -3.466 -3.964 -1.648
0.0152 0.01508 9.47712 1.5004531145 2.5389218330    1.429  3.470  3.5077  0.106    8  0.534  0.387   145.83    76.77  1 -1.01e-07      0.00 6.875e-01 2.971e-01 1.948e-03 1.738e-03 6.715e-03 -1.000 1.540e-02 -3.904 1.097 -0.189 -2.588 -3.417 -4.060 -1.444
0.0152 0.01508 9.47712 1.5004560947 2.5389220715    1.427  3.515  3.5018  0.037    8  0.535  0.387   169.20    87.28  1 -1.22e-07      0.00 6.875e-01 2.971e-01 1.948e-03 1.738e-03 6.715e-03 -1.000 1.540e-02 -4.017 1.354 0.022 -2.511 -3.384 -4.098 -1.339
0.0152 0.01508 9.47712 1.5004594326 2.5389223099    1.426  3.534  3.4991  0.006    8  0.535  0.387   180.93    92.46  0 -1.33e-07      0.00 6.875e-01 2.971e-01 1.948e-03 1.738e-03 6.715e-03 -1.000 1.540e-02 -4.066 1.479 0.123 -2.467 -3.361 -4.108 -1.282
0.0152 0.01508 9.47712 1.5004632473 2.5389227867    1.423  3.544  3.4984 -0.007    8  0.536  0.387   186.23    94.76  0 -1.39e-07      0.00 6.875e-01 2.971e-01 1.948e-03 1.738e-03 6.715e-03 -1.000 1.540e-02 -4.091 1.495 0.131 -2.470 -3.369 -4.124 -1.283
0.0152 0.01508 9.47712 1.5004633665 2.5389227867    1.423  3.379  3.5180  0.236    8  0.536  0.387   110.21    60.21  1 -7.07e-08      0.00 6.875e-01 2.971e-01 1.948e-03 1.738e-03 6.715e-03 -1.000 1.540e-02 -3.679 0.625 -0.599 -2.694 -3.443 -3.949 -1.616
0.0152 0.01508 9.47712 1.5004638433 2.5389227867    1.423  3.232  3.5363  0.457    8  0.536  0.387    68.38    39.86  1 -3.82e-08      0.00 6.875e-01 2.971e-01 1.948e-03 1.738e-03 6.715e-03 -1.000 1.540e-02 -3.309 -0.013 -1.187 -2.749 -3.349 -3.678 -1.811
0.0152 0.01508 9.47712 1.5004646778 2.5389227867    1.422  3.031  3.5613  0.758    8  0.536  0.387    35.74    22.74  1 -1.61e-08      0.00 6.875e-01 2.971e-01 1.948e-03 1.738e-03 6.715e-03 -1.000 1.540e-02 -2.806 -0.415 -1.626 -2.577 -2.997 -3.208 -1.847
0.0152 0.01508 9.47712 1.5004658699 2.5389230251    1.422  3.043  3.5597  0.738    8  0.537  0.387    37.25    23.57  1 -1.71e-08      0.00 6.875e-01 2.971e-01 1.948e-03 1.738e-03 6.715e-03 -1.000 1.540e-02 -2.838 -0.402 -1.612 -2.594 -3.023 -3.239 -1.851
0.0152 0.01508 9.47712 1.5004674196 2.5389230251    1.420  3.147  3.5467  0.582    8  0.537  0.387    52.15    31.52  1 -2.68e-08      0.00 6.875e-01 2.971e-01 1.948e-03 1.738e-03 6.715e-03 -1.000 1.540e-02 -3.097 -0.228 -1.415 -2.699 -3.219 -3.487 -1.849
0.0152 0.01508 9.47712 1.5004694462 2.5389232635    1.419  3.296  3.5280  0.358    8  0.537  0.387    84.55    47.86  1 -5.03e-08      0.00 6.875e-01 2.971e-01 1.948e-03 1.738e-03 6.715e-03 -1.000 1.540e-02 -3.469 0.238 -0.942 -2.744 -3.412 -3.808 -1.738
0.0152 0.01508 9.47712 1.5004718304 2.5389235020    1.417  3.425  3.5116  0.163    8  0.538  0.387   128.99    68.93  1 -8.63e-08      0.00 6.875e-01 2.971e-01 1.948e-03 1.738e-03 6.715e-03 -1.000 1.540e-02 -3.793 0.958 -0.302 -2.598 -3.399 -3.993 -1.477
0.0152 0.01508 9.47712 1.5004746914 2.5389237404    1.416  3.510  3.5006  0.033    8  0.538  0.387   170.49    87.71  0 -1.23e-07      0.00 6.875e-01 2.971e-01 1.948e-03 1.738e-03 6.715e-03 -1.000 1.540e-02 -4.006 1.436 0.096 -2.463 -3.344 -4.073 -1.285
0.0152 0.01508 9.47712 1.5004779100 2.5389239788    1.413  3.554  3.4948 -0.035    8  0.539  0.387   197.39    99.51  0 -1.47e-07      0.00 6.875e-01 2.971e-01 1.948e-03 1.738e-03 6.715e-03 -1.000 1.540e-02 -4.116 1.667 0.268 -2.381 -3.306 -4.099 -1.183
0.0152 0.01508 9.47712 1.5004816055 2.5389242172    1.411  3.574  3.4921 -0.066    8  0.540  0.387   211.01   105.38  0  -1.6e-07      0.00 6.875e-01 2.971e-01 1.948e-03 1.738e-03 6.715e-03 -1.000 1.540e-02 -4.164 1.777 0.349 -2.340 -3.284 -4.108 -1.134
0.0152 0.01508 9.47712 1.5004856586 2.5389246941    1.408  3.584  3.4918 -0.078    8  0.541  0.387   216.56   107.73  0 -1.68e-07      0.00 6.875e-01 2.971e-01 1.948e-03 1.738e-03 6.715e-03 -1.000 1.540e-02 -4.190 1.773 0.340 -2.354 -3.302 -4.129 -1.147
0.0152 0.01508 9.47712 1.5004857779 2.5389246941    1.408  3.431  3.5099  0.147    8  0.541  0.387   133.40    70.87  1 -9.02e-08      0.00 6.875e-01 2.971e-01 1.948e-03 1.738e-03 6.715e-03 -1.000 1.540e-02 -3.809 1.058 -0.211 -2.559 -3.372 -3.990 -1.426
0.0152 0.01508 9.47712 1.5004862547 2.5389246941    1.407  3.285  3.5284  0.367    8  0.541  0.387    82.96    47.00  1 -4.93e-08      0.00 6.875e-01 2.971e-01 1.948e-03 1.738e-03 6.715e-03 -1.000 1.540e-02 -3.443 0.239 -0.939 -2.728 -3.393 -3.785 -1.726
0.0152 0.01508 9.47712 1.5004872084 2.5389246941    1.407  3.085  3.5538  0.668    8  0.541  0.387    43.26    26.77  1 -2.11e-08      0.00 6.875e-01 2.971e-01 1.948e-03 1.738e-03 6.715e-03 -1.000 1.540e-02 -2.943 -0.322 -1.521 -2.634 -3.103 -3.340 -1.843
0.0152 0.01508 9.47712 1.5004884005 2.5389246941    1.406  3.097  3.5522  0.649    8  0.541  0.387    45.08    27.73  1 -2.23e-08      0.00 6.875e-01 2.971e-01 1.948e-03 1.738e-03 6.715e-03 -1.000 1.540e-02 -2.973 -0.302 -1.498 -2.647 -3.127 -3.370 -1.843
0.0152 0.01508 9.47712 1.5004900694 2.5389249325    1.404  3.198  3.5392  0.496    8  0.542  0.387    62.74    36.90  1 -3.45e-08      0.00 6.875e-01 2.971e-01 1.948e-03 1.738e-03 6.715e-03 -1.000 1.540e-02 -3.226 -0.067 -1.241 -2.719 -3.295 -3.603 -1.806
0.0152 0.01508 9.47712 1.5004922152 2.5389251709    1.402  3.343  3.5207  0.277    8  0.542  0.387   100.61    55.49  1 -6.32e-08      0.00 6.875e-01 2.971e-01 1.948e-03 1.738e-03 6.715e-03 -1.000 1.540e-02 -3.587 0.535 -0.673 -2.684 -3.411 -3.883 -1.625
0.0152 0.01508 9.47712 1.5004947186 2.5389254093    1.400  3.468  3.5044  0.086    8  0.543  0.387   151.98    79.24  1 -1.06e-07      0.00 6.875e-01 2.971e-01 1.948e-03 1.738e-03 6.715e-03 -1.000 1.540e-02 -3.901 1.290 -0.018 -2.486 -3.338 -4.018 -1.327
0.0152 0.01508 9.47712 1.5004976988 2.5389256477    1.398  3.550  3.4936 -0.040    8  0.543  0.387   199.45   100.19  0 -1.49e-07      0.00 6.875e-01 2.971e-01 1.948e-03 1.738e-03 6.715e-03 -1.000 1.540e-02 -4.106 1.739 0.329 -2.335 -3.267 -4.073 -1.134
0.0152 0.01508 9.47712 1.5005010366 2.5389258862    1.395  3.593  3.4879 -0.106    8  0.544  0.387   229.95   113.26  0 -1.78e-07      0.00 6.875e-01 2.971e-01 1.948e-03 1.738e-03 6.715e-03 -1.000 1.540e-02 -4.212 1.919 0.444 -2.270 -3.243 -4.101 -1.057
0.0152 0.01508 9.47712 1.5005049706 2.5389261246    1.392  3.611  3.4853 -0.137    8  0.545  0.387   245.29   119.70  0 -1.93e-07      0.00 6.875e-01 2.971e-01 1.948e-03 1.738e-03 6.715e-03 -1.000 1.540e-02 -4.258 1.968 0.459 -2.252 -3.241 -4.115 -1.037
0.0152 0.01508 9.47712 1.5005092621 2.5389266014    1.388  3.621  3.4852 -0.148    8  0.546  0.387   251.14   122.10  0 -2.03e-07      0.00 6.875e-01 2.971e-01 1.948e-03 1.738e-03 6.715e-03 -1.000 1.540e-02 -4.282 1.954 0.442 -2.271 -3.262 -4.137 -1.056
0.0152 0.01508 9.47712 1.5005093813 2.5389266014    1.388  3.482  3.5018  0.058    8  0.546  0.387   161.32    83.28  1 -1.15e-07      0.00 6.875e-01 2.971e-01 1.948e-03 1.738e-03 6.715e-03 -1.000 1.540e-02 -3.935 1.422 0.094 -2.434 -3.306 -4.019 -1.263
0.0152 0.01508 9.47712 1.5005098581 2.5389266014    1.387  3.338  3.5206  0.277    8  0.546  0.387   100.56    55.35  1  -6.4e-08      0.00 6.875e-01 2.971e-01 1.948e-03 1.738e-03 6.715e-03 -1.000 1.540e-02 -3.575 0.554 -0.654 -2.669 -3.397 -3.871 -1.609
0.0152 0.01508 9.47712 1.5005108118 2.5389266014    1.386  3.138  3.5466  0.580    8  0.547  0.387    52.28    31.44  1 -2.78e-08      0.00 6.875e-01 2.971e-01 1.948e-03 1.738e-03 6.715e-03 -1.000 1.540e-02 -3.076 -0.203 -1.389 -2.676 -3.197 -3.466 -1.825
0.0152 0.01508 9.47712 1.5005120039 2.5389268398    1.385  3.150  3.5449  0.561    8  0.547  0.387    54.44    32.55  1 -2.93e-08      0.00 6.875e-01 2.971e-01 1.948e-03 1.738e-03 6.715e-03 -1.000 1.540e-02 -3.106 -0.171 -1.355 -2.683 -3.216 -3.493 -1.818
0.0152 0.01508 9.47712 1.5005136728 2.5389268398    1.383  3.248  3.5320  0.411    8  0.547  0.387    75.25    43.05  1 -4.45e-08      0.00 6.875e-01 2.971e-01 1.948e-03 1.738e-03 6.715e-03 -1.000 1.540e-02 -3.350 0.146 -1.026 -2.711 -3.347 -3.707 -1.738
0.0152 0.01508 9.47712 1.5005158186 2.5389270782    1.381  3.387  3.5137  0.198    8  0.548  0.387   119.18    64.04  1 -7.95e-08      0.00 6.875e-01 2.971e-01 1.948e-03 1.738e-03 6.715e-03 -1.000 1.540e-02 -3.698 0.903 -0.343 -2.572 -3.355 -3.921 -1.465
0.0152 0.01508 9.47712 1.5005183220 2.5389273167    1.378  3.508  3.4976  0.012    8  0.549  0.387   177.93    90.52  0 -1.31e-07      0.00 6.875e-01 2.971e-01 1.948e-03 1.738e-03 6.715e-03 -1.000 1.540e-02 -3.999 1.615 0.247 -2.358 -3.261 -4.023 -1.170
0.0152 0.01508 9.47712 1.5005213022 2.5389275551    1.375  3.586  3.4869 -0.110    8  0.549  0.387   231.50   113.59  0  -1.8e-07      0.00 6.875e-01 2.971e-01 1.948e-03 1.738e-03 6.715e-03 -1.000 1.540e-02 -4.196 1.965 0.479 -2.232 -3.211 -4.074 -1.019
0.0152 0.01508 9.47712 1.5005247593 2.5389277935    1.371  3.626  3.4813 -0.174    8  0.550  0.387   265.42   127.78  0 -2.13e-07      0.00 6.875e-01 2.971e-01 1.948e-03 1.738e-03 6.715e-03 -1.000 1.540e-02 -4.296 2.065 0.507 -2.196 -3.209 -4.105 -0.980
0.0152 0.01508 9.47712 1.5005286932 2.5389280319    1.366  3.643  3.4788 -0.203    8  0.551  0.387   282.12   134.62  0 -2.53e-07      0.00 6.875e-01 2.971e-01 1.948e-03 1.738e-03 6.715e-03 -1.000 1.540e-02 -4.338 2.105 0.520 -2.181 -3.210 -4.118 -0.963
0.0152 0.01508 9.47712 1.5005329847 2.5389285088    1.362  3.652  3.4789 -0.212    8  0.552  0.387   287.86   136.89  0 -2.78e-07      0.00 6.875e-01 2.971e-01 1.948e-03 1.738e-03 6.715e-03 -1.000 1.540e-02 -4.359 2.090 0.503 -2.201 -3.230 -4.139 -0.982
0.0152 0.01508 9.47712 1.5005331039 2.5389285088    1.361  3.527  3.4941 -0.027    8  0.552  0.387   193.11    96.94  0 -1.46e-07      0.00 6.875e-01 2.971e-01 1.948e-03 1.738e-03 6.715e-03 -1.000 1.540e-02 -4.049 1.765 0.362 -2.294 -3.222 -4.022 -1.094
0.0152 0.01508 9.47712 1.5005335808 2.5389285088    1.361  3.385  3.5131  0.191    8  0.552  0.387   120.68    64.56  1 -8.24e-08      0.00 6.875e-01 2.971e-01 1.948e-03 1.738e-03 6.715e-03 -1.000 1.540e-02 -3.694 0.944 -0.305 -2.551 -3.338 -3.911 -1.440
0.0152 0.01508 9.47712 1.5005344152 2.5389285088    1.359  3.187  3.5398  0.496    8  0.553  0.387    62.51    36.55  1 -3.63e-08      0.00 6.875e-01 2.971e-01 1.948e-03 1.738e-03 6.715e-03 -1.000 1.540e-02 -3.197 -0.063 -1.238 -2.701 -3.272 -3.576 -1.792
0.0152 0.01508 9.47712 1.5005356073 2.5389287472    1.358  3.199  3.5381  0.477    8  0.553  0.387    65.11    37.85  1 -3.83e-08      0.00 6.875e-01 2.971e-01 1.948e-03 1.738e-03 6.715e-03 -1.000 1.540e-02 -3.227 -0.015 -1.190 -2.700 -3.285 -3.601 -1.778
0.0152 0.01508 9.47712 1.5005372763 2.5389287472    1.355  3.294  3.5252  0.329    8  0.553  0.387    89.46    49.80  1 -5.72e-08      0.00 6.875e-01 2.971e-01 1.948e-03 1.738e-03 6.715e-03 -1.000 1.540e-02 -3.464 0.398 -0.793 -2.672 -3.363 -3.787 -1.647
0.0152 0.01508 9.47712 1.5005391836 2.5389289856    1.352  3.427  3.5069  0.121    8  0.554  0.387   140.06    73.34  1 -9.96e-08      0.00 6.875e-01 2.971e-01 1.948e-03 1.738e-03 6.715e-03 -1.000 1.540e-02 -3.798 1.237 -0.052 -2.462 -3.296 -3.947 -1.316
0.0152 0.01508 9.47712 1.5005416870 2.5389292240    1.348  3.543  3.4909 -0.060    8  0.555  0.387   206.93   102.72  0  -1.6e-07      0.00 6.875e-01 2.971e-01 1.948e-03 1.738e-03 6.715e-03 -1.000 1.540e-02 -4.088 1.906 0.469 -2.230 -3.182 -4.017 -1.022
0.0152 0.01508 9.47712 1.5005445480 2.5389294624    1.344  3.619  3.4804 -0.179    8  0.555  0.387   267.35   128.11  0 -2.18e-07      0.00 6.875e-01 2.971e-01 1.948e-03 1.738e-03 6.715e-03 -1.000 1.540e-02 -4.276 2.114 0.545 -2.154 -3.173 -4.074 -0.938
0.0152 0.01508 9.47712 1.5005477667 2.5389297009    1.339  3.657  3.4748 -0.241    8  0.556  0.387   305.46   143.65  0 -3.13e-07      0.00 6.875e-01 2.971e-01 1.948e-03 1.738e-03 6.715e-03 -1.000 1.540e-02 -4.372 2.183 0.566 -2.135 -3.187 -4.111 -0.916
0.0152 0.01508 9.47712 1.5005514622 2.5389299393    1.333  3.673  3.4722 -0.269    8  0.557  0.387   324.39   151.20  0 -3.75e-07      0.00 6.875e-01 2.971e-01 1.948e-03 1.738e-03 6.715e-03 -1.000 1.540e-02 -4.412 2.219 0.580 -2.121 -3.189 -4.124 -0.901
0.0152 0.01508 9.47712 1.5005556345 2.5389304161    1.327  3.681  3.4722 -0.279    8  0.559  0.387   331.48   153.91  0 -4.12e-07      0.00 6.875e-01 2.971e-01 1.948e-03 1.738e-03 6.715e-03 -1.000 1.540e-02 -4.432 2.210 0.568 -2.136 -3.205 -4.141 -0.915
0.0152 0.01508 9.47712 1.5005557537 2.5389304161    1.327  3.570  3.4861 -0.113    8  0.559  0.387   231.69   112.93  0 -1.87e-07      0.00 6.875e-01 2.971e-01 1.948e-03 1.738e-03 6.715e-03 -1.000 1.540e-02 -4.156 2.029 0.534 -2.175 -3.158 -4.025 -0.961
0.0152 0.01508 9.47712 1.5005562305 2.5389304161    1.326  3.431  3.5055  0.104    8  0.559  0.387   145.09    75.34  1 -1.07e-07      0.00 6.875e-01 2.971e-01 1.948e-03 1.738e-03 6.715e-03 -1.000 1.540e-02 -3.807 1.315 0.016 -2.426 -3.271 -3.938 -1.273
0.0152 0.01508 9.47712 1.5005570650 2.5389304161    1.324  3.233  3.5329  0.410    8  0.559  0.387    74.86    42.51  1 -4.78e-08      0.00 6.875e-01 2.971e-01 1.948e-03 1.738e-03 6.715e-03 -1.000 1.540e-02 -3.313 0.144 -1.030 -2.691 -3.319 -3.672 -1.725
0.0152 0.01508 9.47712 1.5005581379 2.5389306545    1.321  3.245  3.5312  0.391    8  0.559  0.387    78.00    44.03  1 -5.05e-08      0.00 6.875e-01 2.971e-01 1.948e-03 1.738e-03 6.715e-03 -1.000 1.540e-02 -3.342 0.195 -0.978 -2.688 -3.330 -3.696 -1.708
0.0152 0.01508 9.47712 1.5005596876 2.5389306545    1.318  3.337  3.5182  0.246    8  0.560  0.387   106.64    57.67  1 -7.43e-08      0.00 6.875e-01 2.971e-01 1.948e-03 1.738e-03 6.715e-03 -1.000 1.540e-02 -3.571 0.715 -0.506 -2.593 -3.341 -3.845 -1.517
0.0152 0.01508 9.47712 1.5005617142 2.5389308929    1.313  3.465  3.4999  0.043    8  0.560  0.387   165.21    84.15  0 -1.26e-07      0.00 6.875e-01 2.971e-01 1.948e-03 1.738e-03 6.715e-03 -1.000 1.540e-02 -3.893 1.585 0.242 -2.329 -3.215 -3.952 -1.148
0.0152 0.01508 9.47712 1.5005639791 2.5389311314    1.308  3.576  3.4839 -0.134    8  0.561  0.387   241.73   116.85  0 -1.99e-07      0.00 6.875e-01 2.971e-01 1.948e-03 1.738e-03 6.715e-03 -1.000 1.540e-02 -4.170 2.090 0.568 -2.137 -3.133 -4.013 -0.922
0.0152 0.01508 9.47712 1.5005668402 2.5389313698    1.302  3.648  3.4733 -0.250    8  0.562  0.387   310.32   144.88  0 -3.15e-07      0.00 6.875e-01 2.971e-01 1.948e-03 1.738e-03 6.715e-03 -1.000 1.540e-02 -4.349 2.241 0.614 -2.085 -3.146 -4.075 -0.866
0.0152 0.01508 9.47712 1.5005699396 2.5389316082    1.295  3.684  3.4677 -0.311    8  0.563  0.387   353.58   162.02  0 -4.68e-07      0.01 6.875e-01 2.971e-01 1.948e-03 1.738e-03 6.715e-03 -1.000 1.540e-02 -4.440 2.307 0.640 -2.064 -3.158 -4.107 -0.842
0.0152 0.01508 9.47712 1.5005735159 2.5389318466    1.287  3.699  3.4650 -0.339    8  0.564  0.387   375.44   170.45  0 -5.58e-07      0.01 6.875e-01 2.971e-01 1.948e-03 1.738e-03 6.715e-03 -1.000 1.540e-02 -4.477 2.340 0.657 -2.053 -3.162 -4.119 -0.829
0.0152 0.01508 9.47712 1.5005775690 2.5389320850    1.278  3.706  3.4647 -0.350    8  0.565  0.387   384.43   173.75  0 -6.13e-07      0.01 6.875e-01 2.971e-01 1.948e-03 1.738e-03 6.715e-03 -1.000 1.540e-02 -4.495 2.340 0.651 -2.061 -3.173 -4.132 -0.837
0.0152 0.01508 9.47712 1.5005776882 2.5389320850    1.278  3.610  3.4774 -0.204    8  0.565  0.387   280.16   132.16  0 -2.43e-07      0.00 6.875e-01 2.971e-01 1.948e-03 1.738e-03 6.715e-03 -1.000 1.540e-02 -4.254 2.218 0.625 -2.074 -3.109 -4.022 -0.856
0.0152 0.01508 9.47712 1.5005781651 2.5389320850    1.276  3.472  3.4971  0.012    8  0.565  0.387   175.85    88.34  0 -1.42e-07      0.00 6.875e-01 2.971e-01 1.948e-03 1.738e-03 6.715e-03 -1.000 1.540e-02 -3.911 1.725 0.354 -2.256 -3.162 -3.929 -1.067
0.0152 0.01508 9.47712 1.5005788803 2.5389323235    1.273  3.276  3.5254  0.320    8  0.566  0.387    90.39    49.68  1 -6.43e-08      0.00 6.875e-01 2.971e-01 1.948e-03 1.738e-03 6.715e-03 -1.000 1.540e-02 -3.420 0.435 -0.756 -2.632 -3.322 -3.744 -1.608
0.0152 0.01508 9.47712 1.5005800724 2.5389323235    1.269  3.287  3.5235  0.300    8  0.566  0.387    94.39    51.54  1 -6.81e-08      0.00 6.875e-01 2.971e-01 1.948e-03 1.738e-03 6.715e-03 -1.000 1.540e-02 -3.449 0.514 -0.685 -2.615 -3.320 -3.762 -1.577
0.0152 0.01508 9.47712 1.5005815029 2.5389325619    1.264  3.377  3.5102  0.156    8  0.566  0.387   128.76    67.36  1 -9.91e-08      0.00 6.875e-01 2.971e-01 1.948e-03 1.738e-03 6.715e-03 -1.000 1.540e-02 -3.672 1.170 -0.096 -2.433 -3.244 -3.856 -1.303
0.0152 0.01508 9.47712 1.5005834103 2.5389325619    1.257  3.500  3.4917 -0.044    8  0.567  0.387   198.09    97.66  0 -1.65e-07      0.00 6.875e-01 2.971e-01 1.948e-03 1.738e-03 6.715e-03 -1.000 1.540e-02 -3.981 1.964 0.537 -2.150 -3.096 -3.921 -0.944
0.0152 0.01508 9.47712 1.5005856752 2.5389328003    1.248  3.607  3.4755 -0.218    8  0.568  0.387   288.14   134.85  0 -2.56e-07      0.00 6.875e-01 2.971e-01 1.948e-03 1.738e-03 6.715e-03 -1.000 1.540e-02 -4.247 2.274 0.667 -2.031 -3.077 -3.996 -0.812
0.0152 0.01508 9.47712 1.5005882978 2.5389330387    1.239  3.675  3.4646 -0.334    8  0.569  0.387   369.22   166.85  0 -5.01e-07      0.01 6.875e-01 2.971e-01 1.948e-03 1.738e-03 6.715e-03 -1.000 1.540e-02 -4.418 2.397 0.716 -1.992 -3.103 -4.060 -0.769
0.0152 0.01508 9.47712 1.5005913973 2.5389332771    1.228  3.710  3.4587 -0.396    8  0.570  0.387   421.75   186.87  0 -7.42e-07      0.01 6.875e-01 2.971e-01 1.948e-03 1.738e-03 6.715e-03 -1.000 1.540e-02 -4.505 2.478 0.765 -1.965 -3.112 -4.087 -0.737
0.0152 0.01508 9.47712 1.5005948544 2.5389335155    1.216  3.724  3.4556 -0.427    8  0.571  0.387   450.46   197.44  0 -8.94e-07      0.02 6.875e-01 2.971e-01 1.948e-03 1.738e-03 6.715e-03 -1.000 1.540e-02 -4.541 2.527 0.809 -1.948 -3.114 -4.097 -0.716
0.0152 0.01508 9.47712 1.5005986691 2.5389339924    1.202  3.731  3.4548 -0.442    8  0.572  0.387   464.52   202.31  0 -9.95e-07      0.02 6.875e-01 2.971e-01 1.948e-03 1.738e-03 6.715e-03 -1.000 1.540e-02 -4.558 2.546 0.821 -1.945 -3.118 -4.104 -0.711
0.0152 0.01508 9.47712 1.5005987883 2.5389339924    1.201  3.649  3.4659 -0.316    8  0.572  0.387   353.47   159.73  0 -4.22e-07      0.00 6.875e-01 2.971e-01 1.948e-03 1.738e-03 6.715e-03 -1.000 1.540e-02 -4.352 2.424 0.752 -1.952 -3.054 -4.007 -0.730
0.0152 0.01508 9.47712 1.5005991459 2.5389339924    1.198  3.514  3.4860 -0.101    8  0.572  0.387   222.45   106.99  0    -2e-07      0.00 6.875e-01 2.971e-01 1.948e-03 1.738e-03 6.715e-03 -1.000 1.540e-02 -4.014 2.165 0.671 -2.034 -3.016 -3.883 -0.821
0.0152 0.01508 9.47712 1.5005998611 2.5389339924    1.193  3.319  3.5152  0.209    8  0.572  0.387   113.91    59.94  1 -9.28e-08      0.00 6.875e-01 2.971e-01 1.948e-03 1.738e-03 6.715e-03 -1.000 1.540e-02 -3.526 0.969 -0.269 -2.450 -3.222 -3.767 -1.354
0.0152 0.01508 9.47712 1.5006009340 2.5389339924    1.186  3.330  3.5130  0.186    8  0.573  0.387   119.53    62.42  1 -9.88e-08      0.00 6.875e-01 2.971e-01 1.948e-03 1.738e-03 6.715e-03 -1.000 1.540e-02 -3.554 1.096 -0.155 -2.406 -3.195 -3.770 -1.295
0.0152 0.01508 9.47712 1.5006023645 2.5389342308    1.176  3.416  3.4991  0.041    8  0.573  0.387   163.42    81.67  0 -1.43e-07      0.00 6.875e-01 2.971e-01 1.948e-03 1.738e-03 6.715e-03 -1.000 1.540e-02 -3.770 1.749 0.399 -2.181 -3.073 -3.818 -0.999
0.0152 0.01508 9.47712 1.5006041527 2.5389342308    1.164  3.535  3.4799 -0.159    8  0.574  0.387   251.14   118.17  0 -2.35e-07      0.00 6.875e-01 2.971e-01 1.948e-03 1.738e-03 6.715e-03 -1.000 1.540e-02 -4.067 2.321 0.752 -1.941 -2.961 -3.863 -0.725
0.0152 0.01508 9.47712 1.5006062984 2.5389344692    1.150  3.636  3.4629 -0.334    8  0.575  0.387   365.67   163.11  0 -4.35e-07      0.01 6.875e-01 2.971e-01 1.948e-03 1.738e-03 6.715e-03 -1.000 1.540e-02 -4.321 2.516 0.833 -1.874 -2.992 -3.952 -0.651
0.0152 0.01508 9.47712 1.5006086826 2.5389347076    1.133  3.702  3.4513 -0.452    8  0.576  0.387   471.12   202.44  0  -9.1e-07      0.02 6.875e-01 2.971e-01 1.948e-03 1.738e-03 6.715e-03 -1.000 1.540e-02 -4.484 2.670 0.956 -1.832 -3.021 -4.013 -0.596
0.0152 0.01508 9.47712 1.5006115437 2.5389349461    1.114  3.734  3.4445 -0.520    8  0.577  0.387   543.45   228.24  0 -1.36e-06      0.04 6.875e-01 2.971e-01 1.948e-03 1.738e-03 6.715e-03 -1.000 1.540e-02 -4.566 2.803 1.082 -1.791 -3.025 -4.036 -0.541
0.0152 0.01508 9.47712 1.5006148815 2.5389351845    1.093  3.748  3.4405 -0.557    8  0.578  0.387   588.07   243.33  0 -1.68e-06      0.06 6.875e-01 2.971e-01 1.948e-03 1.738e-03 6.715e-03 -1.000 1.540e-02 -4.600 2.900 1.174 -1.753 -3.013 -4.034 -0.493
0.0152 0.01508 9.47712 1.5006184578 2.5389354229    1.070  3.755  3.4428 -0.564    8  0.579  0.387   594.69   244.51  0 -1.89e-06      0.07 6.875e-01 2.971e-01 1.948e-03 1.738e-03 6.715e-03 -1.000 1.540e-02 -4.616 2.895 1.140 -1.770 -3.024 -4.045 -0.511
0.0152 0.01508 9.47712 1.5006185770 2.5389354229    1.069  3.685  3.4484 -0.472    8  0.579  0.387   488.08   206.04  0 -9.35e-07      0.02 6.875e-01 2.971e-01 1.948e-03 1.738e-03 6.715e-03 -1.000 1.540e-02 -4.442 2.775 1.066 -1.750 -2.955 -3.952 -0.510
0.0152 0.01508 9.47712 1.5006189346 2.5389356613    1.063  3.552  3.4688 -0.260    8  0.579  0.387   308.91   138.58  0 -3.23e-07      0.00 6.875e-01 2.971e-01 1.948e-03 1.738e-03 6.715e-03 -1.000 1.540e-02 -4.110 2.575 0.924 -1.770 -2.853 -3.796 -0.550
0.0152 0.01508 9.47712 1.5006196499 2.5389356613    1.053  3.358  3.4991  0.051    8  0.579  0.387   157.76    77.35  0 -1.56e-07      0.00 6.875e-01 2.971e-01 1.948e-03 1.738e-03 6.715e-03 -1.000 1.540e-02 -3.625 1.887 0.539 -2.039 -2.930 -3.674 -0.857
0.0152 0.01508 9.47712 1.5006206036 2.5389356613    1.038  3.369  3.4953  0.018    8  0.580  0.387   168.91    81.78  0 -1.69e-07      0.00 6.875e-01 2.971e-01 1.948e-03 1.738e-03 6.715e-03 -1.000 1.540e-02 -3.652 2.072 0.686 -1.944 -2.861 -3.647 -0.750
0.0152 0.01508 9.47712 1.5006219149 2.5389358997    1.019  3.453  3.4784 -0.141    8  0.580  0.387   237.68   109.37  0 -2.45e-07      0.00 6.875e-01 2.971e-01 1.948e-03 1.738e-03 6.715e-03 -1.000 1.540e-02 -3.862 2.543 0.970 -1.718 -2.743 -3.648 -0.502
0.0152 0.01508 9.47712 1.5006235838 2.5389358997    0.995  3.567  3.4553 -0.358    8  0.581  0.387   378.55   162.56  0    -4e-07      0.00 6.875e-01 2.971e-01 1.948e-03 1.738e-03 6.715e-03 -1.000 1.540e-02 -4.147 2.815 1.134 -1.604 -2.758 -3.733 -0.377
0.0152 0.01508 9.47712 1.5006254911 2.5389361382    0.967  3.664  3.4341 -0.552    8  0.581  0.387   574.18   231.22  0 -1.11e-06      0.03 6.875e-01 2.971e-01 1.948e-03 1.738e-03 6.715e-03 -1.000 1.540e-02 -4.390 3.123 1.465 -1.526 -2.805 -3.832 -0.262
0.0152 0.01508 9.47712 1.5006278753 2.5389363766    0.936  3.726  3.4191 -0.689    8  0.582  0.387   769.27   294.80  0 -2.43e-06      0.11 6.875e-01 2.971e-01 1.948e-03 1.738e-03 6.715e-03 -1.000 1.540e-02 -4.546 3.515 1.851 -1.403 -2.783 -3.862 -0.099
0.0152 0.01508 9.47712 1.5006304979 2.5389366150    0.900  3.757  3.4107 -0.770    8  0.583  0.387   914.41   338.04  0 -3.85e-06      0.38 6.875e-01 2.971e-01 1.948e-03 1.738e-03 6.715e-03 -1.000 1.540e-02 -4.623 4.312 2.364 -1.056 -2.525 -3.675 0.299
0.0152 0.01508 9.47712 1.5006335974 2.5389368534    0.862  3.770  3.4076 -0.814    8  0.584  0.387  1004.63   360.86  0 -5.06e-06      0.52 6.875e-01 2.971e-01 1.948e-03 1.738e-03 6.715e-03 -1.000 1.540e-02 -4.655 4.691 2.600 -0.887 -2.396 -3.580 0.492
0.0152 0.01508 9.47712 1.5006369352 2.5389370918    0.822  3.776  3.4608 -0.628    8  0.586  0.387   672.93   249.98  0 -4.88e-06      0.44 6.875e-01 2.971e-01 1.948e-03 1.738e-03 6.715e-03 -1.000 1.540e-02 -4.670 3.641 1.450 -1.505 -2.781 -3.864 -0.188
0.0152 0.01508 9.47712 1.5006501675 2.5389380455    0.589 -9.999  4.0000  1.478    9  0.590  0.000     0.00     0.00 -1    -1e-30      0.00 6.875e-01 2.971e-01 1.948e-03 1.738e-03 6.715e-03 -1.000 1.540e-02 29.767 29.897 30.135 30.370 30.483 30.560 30.119
#isochrone terminated
