# File generated by CMD 3.3 (http://stev.oapd.inaf.it/cmd) on Wed Mar 18 05:47:07 CET 2020
# isochrones based on PARSEC release v1.2S +  COLIBRI S_35
# Basic references: Bressan et al. (2012), MNRAS, 427, 127 + Chen et al. (2014, 2015), MNRAS, 444, 2525 + MNRAS, 452, 1068 + Tang et al. (2014), MNRAS, 445, 4287 + Marigo et al. (2017), ApJ, 835, 77 + Pastorelli al. (2019), MNRAS in press
# Thermal pulse cycles included 
# On RGB, assumed Reimers mass loss with efficiency eta=0.2
# Photometric system: Pan-STARRS1
# Using YBC version of bolometric corrections as in Chen et al. (2019)
# O-rich circumstellar dpmod60alox40 dust from Groenewegen (2006)
# C-rich circumstellar AMCSIC15 dust from Groenewegen (2006)
# IMF: Kroupa (2001, 2002) + Kroupa et al. (2013) canonical two-part-power law IMF corrected for unresolved binaries 
# Kind of output: isochrone tables
# Zini     MH   logAge Mini        int_IMF         Mass   logL    logTe  logg  label   McoreTP C_O  period0 period1 pmode  Mloss  tau1m   X   Y   Xc  Xn  Xo  Cexcess  Z 	 mbolmag  gP1mag  rP1mag  iP1mag  zP1mag  yP1mag  wP1mag
0.0152 0.01508 10.00000 0.0900000036 1.0816895962    0.090 -3.423  3.3625  5.217    1  0.000  0.545     0.00     0.00 -1  -3.9e-17      0.00 7.080e-01 2.767e-01 2.746e-03 7.408e-04 6.719e-03 -1.000 1.527e-02 13.327 18.779 17.339 14.776 13.543 12.883 15.965
0.0152 0.01508 10.00000 0.1000000015 1.1711064577    0.100 -3.240  3.3884  5.184    1  0.000  0.545     0.00     0.00 -1 -2.59e-17      0.00 7.076e-01 2.771e-01 2.746e-03 7.408e-04 6.719e-03 -1.000 1.527e-02 12.871 18.303 16.872 14.318 13.088 12.427 15.505
0.0152 0.01508 10.00000 0.1077039689 1.2324166298    0.108 -3.133  3.4026  5.165    1  0.000  0.545     0.00     0.00 -1 -4.21e-17      0.00 7.072e-01 2.775e-01 2.746e-03 7.408e-04 6.719e-03 -1.000 1.527e-02 12.601 18.022 16.597 14.047 12.819 12.158 15.233
0.0152 0.01508 10.00000 0.1200000122 1.3193155527    0.120 -2.975  3.4232  5.137    1  0.000  0.545     0.00     0.00 -1 -1.04e-16      0.00 7.067e-01 2.780e-01 2.746e-03 7.408e-04 6.719e-03 -1.000 1.527e-02 12.209 17.408 16.009 13.545 12.376 11.747 14.713
0.0152 0.01508 10.00000 0.1400000006 1.4384527206    0.140 -2.792  3.4435  5.102    1  0.000  0.545     0.00     0.00 -1 -1.53e-16      0.00 7.060e-01 2.788e-01 2.746e-03 7.408e-04 6.719e-03 -1.000 1.527e-02 11.749 16.273 14.951 12.750 11.756 11.228 13.858
0.0152 0.01508 10.00000 0.1496137679 1.4881080389    0.150 -2.721  3.4502  5.087    1  0.000  0.545     0.00     0.00 -1 -1.77e-16      0.00 7.056e-01 2.791e-01 2.746e-03 7.408e-04 6.719e-03 -1.000 1.527e-02 11.573 15.888 14.588 12.473 11.532 11.034 13.561
0.0152 0.01508 10.00000 0.1599999964 1.5372931957    0.160 -2.650  3.4571  5.073    1  0.000  0.545     0.00     0.00 -1 -2.05e-16      0.00 7.053e-01 2.794e-01 2.746e-03 7.408e-04 6.719e-03 -1.000 1.527e-02 11.395 15.503 14.211 12.200 11.310 10.843 13.263
0.0152 0.01508 10.00000 0.2000000030 1.6938791275    0.200 -2.430  3.4758  5.025    1  0.000  0.545     0.00     0.00 -1 -3.21e-16      0.00 7.042e-01 2.806e-01 2.746e-03 7.408e-04 6.719e-03 -1.000 1.527e-02 10.846 14.437 13.180 11.425 10.657 10.263 12.424
0.0152 0.01508 10.00000 0.2500000000 1.8403258324    0.250 -2.217  3.4921  4.974    1  0.000  0.545     0.00     0.00 -1 -3.89e-17      0.00 7.033e-01 2.814e-01 2.746e-03 7.408e-04 6.719e-03 -1.000 1.527e-02 10.314 13.508 12.258 10.729 10.056 9.716 11.665
0.0152 0.01508 10.00000 0.3000000119 1.9529139996    0.300 -2.052  3.5027  4.930    1  0.000  0.545     0.00     0.00 -1 -1.13e-17      0.00 7.030e-01 2.817e-01 2.746e-03 7.408e-04 6.719e-03 -1.000 1.527e-02 9.900 12.877 11.649 10.234 9.608 9.297 11.133
0.0152 0.01508 10.00000 0.3493747115 2.0423915386    0.349 -1.906  3.5113  4.885    1  0.000  0.545     0.00     0.00 -1 -2.32e-16      0.00 7.088e-01 2.759e-01 2.746e-03 7.408e-04 6.719e-03 -1.000 1.527e-02 9.536 12.351 11.142 9.810 9.221 8.930 10.681
0.0152 0.01508 10.00000 0.3500000238 2.0434176922    0.350 -1.905  3.5114  4.884    1  0.000  0.545     0.00     0.00 -1 -2.34e-16      0.00 7.089e-01 2.759e-01 2.746e-03 7.408e-04 6.719e-03 -1.000 1.527e-02 9.532 12.345 11.136 9.805 9.216 8.925 10.676
0.0152 0.01508 10.00000 0.3668254614 2.0701627731    0.367 -1.854  3.5153  4.870    1  0.000  0.545     0.00     0.00 -1 -4.02e-16      0.00 7.089e-01 2.758e-01 2.746e-03 7.408e-04 6.719e-03 -1.000 1.527e-02 9.405 12.149 10.947 9.653 9.080 8.798 10.511
0.0152 0.01508 10.00000 0.4000000358 2.1185026169    0.400 -1.760  3.5225  4.842    1  0.000  0.545     0.00     0.00 -1 -1.31e-15      0.00 7.091e-01 2.756e-01 2.746e-03 7.408e-04 6.719e-03 -1.000 1.527e-02 9.171 11.795 10.604 9.375 8.831 8.564 10.210
0.0152 0.01508 10.00000 0.4500000477 2.1822810173    0.450 -1.610  3.5350  4.793    1  0.000  0.545     0.00     0.00 -1 -1.85e-15      0.00 7.092e-01 2.755e-01 2.746e-03 7.408e-04 6.719e-03 -1.000 1.527e-02 8.795 11.233 10.062 8.934 8.435 8.193 9.732
0.0152 0.01508 10.00000 0.5000000000 2.2374541759    0.500 -1.451  3.5504  4.742    1  0.000  0.545     0.00     0.00 -1 -2.68e-15      0.00 7.092e-01 2.755e-01 2.746e-03 7.408e-04 6.719e-03 -1.000 1.527e-02 8.398 10.629 9.476 8.466 8.019 7.804 9.217
0.0152 0.01508 10.00000 0.5500000119 2.2836582661    0.550 -1.273  3.5707  4.686    1  0.000  0.545     0.00     0.00 -1  -4.1e-15      0.00 7.319e-01 2.540e-01 2.545e-03 6.868e-04 6.231e-03 -1.000 1.417e-02 7.952 9.933 8.785 7.936 7.561 7.378 8.620
0.0152 0.01508 10.00000 0.6000000238 2.3211214542    0.600 -1.098  3.5958  4.649    1  0.000  0.544     0.00     0.00 -1 -6.13e-15      0.00 7.352e-01 2.507e-01 2.517e-03 6.796e-04 6.166e-03 -1.000 1.404e-02 7.515 9.220 8.087 7.416 7.124 6.974 8.019
0.0152 0.01508 10.00000 0.6499999762 2.3520355225    0.650 -0.919  3.6267  4.628    1  0.000  0.544     0.00     0.00 -1 -9.12e-15      0.00 7.383e-01 2.478e-01 2.492e-03 6.729e-04 6.107e-03 -1.000 1.389e-02 7.066 8.449 7.383 6.891 6.683 6.564 7.399
0.0152 0.01508 10.00000 0.6599112749 2.3575270176    0.660 -0.883  3.6331  4.625    1  0.000  0.544     0.00     0.00 -1 -9.87e-15      0.00 7.389e-01 2.472e-01 2.488e-03 6.716e-04 6.095e-03 -1.000 1.387e-02 6.977 8.288 7.244 6.788 6.597 6.484 7.275
0.0152 0.01508 10.00000 0.7000000477 2.3779268265    0.700 -0.743  3.6579  4.610    1  0.000  0.544     0.00     0.00 -1 -1.34e-14      0.00 7.412e-01 2.450e-01 2.469e-03 6.666e-04 6.050e-03 -1.000 1.378e-02 6.628 7.652 6.725 6.391 6.255 6.167 6.798
0.0152 0.01508 10.00000 0.7199136615 2.3870944977    0.720 -0.674  3.6700  4.601    1  0.000  0.541     0.00     0.00 -1 -1.57e-14      0.00 7.425e-01 2.438e-01 2.444e-03 6.634e-04 6.025e-03 -1.000 1.370e-02 6.456 7.349 6.492 6.200 6.084 6.008 6.574
0.0152 0.01508 10.00000 0.7426754832 2.3968837261    0.743 -0.596  3.6833  4.590    1  0.000  0.538     0.00     0.00 -1 -1.87e-14      0.00 7.440e-01 2.423e-01 2.417e-03 6.597e-04 5.996e-03 -1.000 1.365e-02 6.261 7.023 6.246 5.989 5.891 5.829 6.330
0.0152 0.01508 10.00000 0.7500000000 2.3998889923    0.750 -0.571  3.6875  4.586    1  0.000  0.537     0.00     0.00 -1 -1.98e-14      0.00 7.445e-01 2.419e-01 2.409e-03 6.585e-04 5.986e-03 -1.000 1.359e-02 6.198 6.924 6.169 5.924 5.830 5.772 6.255
0.0152 0.01508 10.00000 0.7583735585 2.4032430649    0.758 -0.544  3.6915  4.579    1  0.000  0.536     0.00     0.00 -1 -2.11e-14      0.00 7.453e-01 2.412e-01 2.403e-03 6.568e-04 5.971e-03 -1.000 1.353e-02 6.129 6.821 6.088 5.851 5.763 5.709 6.173
0.0152 0.01508 10.00000 0.7776705623 2.4106569290    0.777 -0.480  3.7006  4.563    1  0.000  0.536     0.00     0.00 -1 -2.47e-14      0.00 7.470e-01 2.395e-01 2.388e-03 6.530e-04 5.937e-03 -1.000 1.349e-02 5.969 6.587 5.904 5.687 5.610 5.563 5.989
0.0152 0.01508 10.00000 0.7952715158 2.4170596600    0.795 -0.422  3.7088  4.547    1  0.000  0.536     0.00     0.00 -1 -2.84e-14      0.00 7.486e-01 2.380e-01 2.375e-03 6.496e-04 5.906e-03 -1.000 1.341e-02 5.824 6.383 5.740 5.539 5.471 5.431 5.824
0.0152 0.01508 10.00000 0.8000000119 2.4187245369    0.800 -0.406  3.7109  4.542    1  0.000  0.536     0.00     0.00 -1 -2.95e-14      0.00 7.490e-01 2.376e-01 2.372e-03 6.487e-04 5.898e-03 -1.000 1.340e-02 5.785 6.329 5.696 5.499 5.434 5.396 5.780
0.0152 0.01508 10.00000 0.8115743399 2.4227061272    0.811 -0.367  3.7160  4.530    1  0.000  0.536     0.00     0.00 -1 -3.24e-14      0.00 7.502e-01 2.365e-01 2.362e-03 6.460e-04 5.874e-03 -1.000 1.335e-02 5.688 6.199 5.590 5.403 5.343 5.309 5.673
0.0152 0.01508 10.00000 0.8286699653 2.4283535480    0.828 -0.310  3.7232  4.511    1  0.000  0.536     0.00     0.00 -1 -3.75e-14      0.00 7.520e-01 2.347e-01 2.348e-03 6.421e-04 5.840e-03 -1.000 1.330e-02 5.545 6.011 5.435 5.260 5.208 5.179 5.517
0.0152 0.01508 10.00000 0.8440065980 2.4331967831    0.843 -0.258  3.7295  4.492    1  0.000  0.536     0.00     0.00 -1 -4.27e-14      0.00 7.536e-01 2.332e-01 2.335e-03 6.386e-04 5.809e-03 -1.000 1.323e-02 5.416 5.847 5.297 5.132 5.086 5.061 5.377
0.0152 0.01508 10.00000 0.8500000238 2.4350347519    0.849 -0.238  3.7319  4.485    1  0.000  0.536     0.00     0.00 -1  -4.5e-14      0.00 7.542e-01 2.326e-01 2.330e-03 6.373e-04 5.797e-03 -1.000 1.320e-02 5.365 5.783 5.243 5.082 5.039 5.016 5.323
0.0152 0.01508 10.00000 0.8506687880 2.4352381229    0.850 -0.236  3.7321  4.484    1  0.000  0.536     0.00     0.00 -1 -4.52e-14      0.00 7.543e-01 2.325e-01 2.329e-03 6.371e-04 5.795e-03 -1.000 1.319e-02 5.359 5.776 5.237 5.077 5.033 5.011 5.317
0.0152 0.01508 10.00000 0.8669279218 2.4400689602    0.866 -0.179  3.7381  4.460    1  0.000  0.536     0.00     0.00 -1 -5.24e-14      0.00 7.563e-01 2.306e-01 2.312e-03 6.326e-04 5.754e-03 -1.000 1.312e-02 5.219 5.602 5.089 4.940 4.903 4.885 5.168
0.0152 0.01508 10.00000 0.8824838400 2.4444997311    0.882 -0.125  3.7436  4.434    1  0.000  0.536     0.00     0.00 -1 -6.06e-14      0.00 7.583e-01 2.287e-01 2.296e-03 6.283e-04 5.716e-03 -1.000 1.296e-02 5.082 5.438 4.949 4.808 4.777 4.762 5.026
0.0152 0.01508 10.00000 0.8968155384 2.4484257698    0.896 -0.074  3.7483  4.409    1  0.000  0.536     0.00     0.00 -1 -6.97e-14      0.00 7.601e-01 2.270e-01 2.282e-03 6.244e-04 5.681e-03 -1.000 1.289e-02 4.954 5.286 4.819 4.686 4.659 4.647 4.894
0.0152 0.01508 10.00000 0.9000000358 2.4492788315    0.899 -0.062  3.7493  4.403    1  0.000  0.535     0.00     0.00 -1 -7.19e-14      0.00 7.605e-01 2.267e-01 2.279e-03 6.235e-04 5.673e-03 -1.000 1.288e-02 4.925 5.252 4.789 4.658 4.632 4.620 4.864
0.0152 0.01508 10.00000 0.9123089910 2.4525110722    0.911 -0.017  3.7528  4.377    1  0.000  0.535     0.00     0.00 -1 -8.16e-14      0.00 7.623e-01 2.248e-01 2.263e-03 6.194e-04 5.636e-03 -1.000 1.284e-02 4.811 5.123 4.675 4.549 4.527 4.517 4.749
0.0152 0.01508 10.00000 0.9294092059 2.4568386078    0.928  0.047  3.7570  4.339    1  0.000  0.535     0.00     0.00 -1 -9.78e-14      0.00 7.649e-01 2.224e-01 2.242e-03 6.138e-04 5.587e-03 -1.000 1.272e-02 4.652 4.946 4.515 4.396 4.378 4.370 4.588
0.0152 0.01508 10.00000 0.9448647499 2.4605951309    0.944  0.104  3.7599  4.300    1  0.000  0.535     0.00     0.00 -1 -1.16e-13      0.00 7.668e-01 2.206e-01 2.227e-03 6.097e-04 5.550e-03 -1.000 1.259e-02 4.509 4.789 4.372 4.257 4.242 4.235 4.443
0.0152 0.01508 10.00000 0.9500000477 2.4618122578    0.949  0.125  3.7607  4.285    1  0.000  0.535     0.00     0.00 -1 -1.23e-13      0.00 7.668e-01 2.206e-01 2.228e-03 6.099e-04 5.551e-03 -1.000 1.260e-02 4.458 4.734 4.320 4.207 4.193 4.187 4.392
0.0152 0.01508 10.00000 0.9568482041 2.4634120464    0.956  0.153  3.7618  4.265    1  0.000  0.535     0.00     0.00 -1 -1.34e-13      0.00 7.670e-01 2.204e-01 2.227e-03 6.096e-04 5.550e-03 -1.000 1.261e-02 4.388 4.660 4.251 4.139 4.126 4.120 4.322
0.0152 0.01508 10.00000 0.9585533142 2.4638063908    0.957  0.160  3.7620  4.259    1  0.000  0.535     0.00     0.00 -1 -1.37e-13      0.00 7.669e-01 2.205e-01 2.227e-03 6.098e-04 5.551e-03 -1.000 1.262e-02 4.370 4.641 4.233 4.122 4.109 4.103 4.304
0.0152 0.01508 10.00000 0.9680970907 2.4659833908    0.967  0.201  3.7628  4.225    1  0.000  0.535     0.00     0.00 -1 -1.56e-13      0.00 7.662e-01 2.211e-01 2.234e-03 6.117e-04 5.568e-03 -1.000 1.269e-02 4.267 4.535 4.130 4.021 4.008 4.003 4.201
0.0152 0.01508 10.00000 0.9755672216 2.4676535130    0.975  0.234  3.7628  4.196    1  0.000  0.535     0.00     0.00 -1 -1.73e-13      0.00 7.654e-01 2.219e-01 2.243e-03 6.142e-04 5.591e-03 -1.000 1.273e-02 4.184 4.451 4.047 3.938 3.926 3.920 4.118
0.0152 0.01508 10.00000 0.9840705991 2.4695188999    0.983  0.273  3.7621  4.158    1  0.000  0.535     0.00     0.00 -1 -1.97e-13      0.00 7.635e-01 2.236e-01 2.263e-03 6.195e-04 5.640e-03 -1.000 1.284e-02 4.086 4.356 3.950 3.840 3.827 3.821 4.020
0.0152 0.01508 10.00000 0.9897478223 2.4707438946    0.989  0.300  3.7610  4.129    1  0.000  0.535     0.00     0.00 -1 -2.16e-13      0.00 7.618e-01 2.253e-01 2.280e-03 6.244e-04 5.684e-03 -1.000 1.290e-02 4.019 4.292 3.883 3.771 3.758 3.751 3.954
0.0152 0.01508 10.00000 0.9916135669 2.4711430073    0.991  0.309  3.7605  4.119    2  0.000  0.535     0.00     0.00 -1 -2.24e-13      0.00 7.604e-01 2.265e-01 2.293e-03 6.280e-04 5.717e-03 -1.000 1.303e-02 3.997 4.272 3.861 3.748 3.734 3.727 3.932
0.0152 0.01508 10.00000 0.9992115498 2.4727504253    0.998  0.346  3.7568  4.071    2  0.000  0.535     0.00     0.00 -1 -2.55e-13      0.00 7.543e-01 2.323e-01 2.350e-03 6.435e-04 5.858e-03 -1.000 1.334e-02 3.905 4.196 3.771 3.653 3.634 3.626 3.843
0.0152 0.01508 10.00000 1.0000000000 2.4729156494    0.999  0.349  3.7560  4.064    2  0.000  0.535     0.00     0.00 -1 -2.59e-13      0.00 7.534e-01 2.332e-01 2.358e-03 6.457e-04 5.878e-03 -1.000 1.339e-02 3.897 4.190 3.763 3.643 3.624 3.615 3.835
0.0152 0.01508 10.00000 1.0062853098 2.4742217064    1.005  0.377  3.7489  4.011    2  0.000  0.535     0.00     0.00 -1  -2.9e-13      0.00 7.453e-01 2.409e-01 2.427e-03 6.645e-04 6.047e-03 -1.000 1.375e-02 3.828 4.153 3.698 3.567 3.540 3.528 3.772
0.0152 0.01508 10.00000 1.0105534792 2.4750981331    1.009  0.388  3.7396  3.965    2  0.000  0.536     0.00     0.00 -1 -3.12e-13      0.00 7.380e-01 2.480e-01 2.486e-03 6.803e-04 6.188e-03 -1.000 1.407e-02 3.800 4.165 3.677 3.532 3.496 3.480 3.752
0.0152 0.01508 10.00000 1.0134459734 2.4756872654    1.012  0.388  3.7291  3.923    2  0.000  0.536     0.00     0.00 -1 -3.27e-13      0.00 7.322e-01 2.535e-01 2.531e-03 6.923e-04 6.296e-03 -1.000 1.433e-02 3.799 4.217 3.689 3.527 3.480 3.457 3.766
0.0152 0.01508 10.00000 1.0154302120 2.4760892391    1.014  0.388  3.7192  3.885    2  0.000  0.536     0.00     0.00 -1  -3.4e-13      0.00 7.280e-01 2.575e-01 2.563e-03 7.006e-04 6.370e-03 -1.000 1.445e-02 3.799 4.272 3.705 3.526 3.468 3.439 3.783
0.0152 0.01508 10.00000 1.0172933340 2.4764649868    1.016  0.399  3.7096  3.836    2  0.000  0.537     0.00     0.00 -1 -3.67e-13      0.00 7.242e-01 2.611e-01 2.589e-03 7.078e-04 6.433e-03 -1.000 1.463e-02 3.772 4.302 3.697 3.502 3.432 3.397 3.776
0.0152 0.01508 10.00000 1.0191289186 2.4768335819    1.018  0.429  3.7015  3.774    2  0.000  0.537     0.00     0.00 -1 -4.19e-13      0.00 7.205e-01 2.647e-01 2.612e-03 7.139e-04 6.487e-03 -1.000 1.476e-02 3.696 4.278 3.639 3.430 3.350 3.309 3.719
0.0152 0.01508 10.00000 1.0201272964 2.4770333767    1.019  0.454  3.6980  3.736    2  0.000  0.537     0.00     0.00 -1 -4.62e-13      0.00 7.185e-01 2.667e-01 2.623e-03 7.169e-04 6.514e-03 -1.000 1.479e-02 3.635 4.242 3.587 3.371 3.287 3.243 3.667
0.0152 0.01508 10.00000 1.0215713978 2.4773216248    1.020  0.505  3.6946  3.673    3  0.000  0.537     0.00     0.00 -1 -5.56e-13      0.00 7.152e-01 2.699e-01 2.635e-03 7.206e-04 6.545e-03 -1.000 1.486e-02 3.509 4.139 3.470 3.248 3.159 3.113 3.550
0.0152 0.01508 10.00000 1.0228266716 2.4775714874    1.021  0.556  3.6923  3.613    3  0.000  0.535     0.00     0.00 -1 -6.69e-13      0.00 7.120e-01 2.731e-01 2.634e-03 7.262e-04 6.567e-03 -1.000 1.493e-02 3.380 4.025 3.349 3.122 3.030 2.982 3.428
0.0152 0.01508 10.00000 1.0237306356 2.4777510166    1.022  0.597  3.6910  3.566    3  0.000  0.530     0.00     0.00 -1 -7.75e-13      0.00 7.092e-01 2.758e-01 2.616e-03 7.415e-04 6.581e-03 -1.000 1.498e-02 3.277 3.930 3.249 3.020 2.926 2.877 3.328
0.0152 0.01508 10.00000 1.0245987177 2.4779229164    1.023  0.641  3.6898  3.518    3  0.000  0.521     0.00     0.00 -1 -9.02e-13      0.00 7.064e-01 2.785e-01 2.575e-03 7.804e-04 6.594e-03 -1.000 1.502e-02 3.169 3.829 3.145 2.914 2.818 2.769 3.224
0.0152 0.01508 10.00000 1.0254149437 2.4780843258    1.024  0.684  3.6886  3.470    3  0.000  0.508     0.00     0.00 -1 -1.05e-12      0.00 7.038e-01 2.811e-01 2.516e-03 8.457e-04 6.603e-03 -1.000 1.503e-02 3.059 3.728 3.039 2.805 2.708 2.658 3.118
0.0152 0.01508 10.00000 1.0261753798 2.4782345295    1.025  0.729  3.6876  3.422    3  0.000  0.495     0.00     0.00 -1 -1.23e-12      0.00 7.014e-01 2.835e-01 2.453e-03 9.225e-04 6.610e-03 -1.000 1.506e-02 2.949 3.626 2.933 2.696 2.597 2.547 3.011
0.0152 0.01508 10.00000 1.0268266201 2.4783627987    1.025  0.769  3.6866  3.378    3  0.000  0.484     0.00     0.00 -1 -1.42e-12      0.00 6.993e-01 2.856e-01 2.400e-03 9.900e-04 6.616e-03 -1.000 1.508e-02 2.847 3.532 2.834 2.595 2.495 2.444 2.912
0.0152 0.01508 10.00000 1.0274474621 2.4784851074    1.026  0.811  3.6855  3.332    3  0.000  0.475     0.00     0.00 -1 -1.65e-12      0.00 6.976e-01 2.873e-01 2.360e-03 1.041e-03 6.621e-03 -1.000 1.509e-02 2.742 3.435 2.733 2.492 2.390 2.338 2.811
0.0152 0.01508 10.00000 1.0280750990 2.4786083698    1.026  0.857  3.6842  3.281    3  0.000  0.468     0.00     0.00 -1 -1.94e-12      0.00 6.960e-01 2.889e-01 2.327e-03 1.083e-03 6.624e-03 -1.000 1.511e-02 2.627 3.330 2.622 2.378 2.274 2.222 2.700
0.0152 0.01508 10.00000 1.0286061764 2.4787127972    1.027  0.899  3.6830  3.234    3  0.000  0.464     0.00     0.00 -1 -2.25e-12      0.00 6.949e-01 2.900e-01 2.306e-03 1.112e-03 6.627e-03 -1.000 1.513e-02 2.523 3.235 2.521 2.275 2.169 2.116 2.599
0.0152 0.01508 10.00000 1.0290813446 2.4788057804    1.027  0.940  3.6817  3.189    3  0.000  0.460     0.00     0.00 -1 -2.61e-12      0.00 6.940e-01 2.909e-01 2.290e-03 1.132e-03 6.629e-03 -1.000 1.513e-02 2.421 3.143 2.423 2.175 2.067 2.013 2.501
0.0152 0.01508 10.00000 1.0295226574 2.4788923264    1.028  0.980  3.6804  3.144    3  0.000  0.458     0.00     0.00 -1 -3.01e-12      0.00 6.933e-01 2.916e-01 2.277e-03 1.149e-03 6.631e-03 -1.000 1.511e-02 2.321 3.052 2.327 2.076 1.966 1.911 2.405
0.0152 0.01508 10.00000 1.0299593210 2.4789776802    1.028  1.023  3.6789  3.094    3  0.000  0.456     0.00     0.00 -1 -3.52e-12      0.00 6.928e-01 2.921e-01 2.268e-03 1.161e-03 6.632e-03 -1.000 1.512e-02 2.212 2.956 2.224 1.969 1.857 1.801 2.301
0.0152 0.01508 10.00000 1.0304344893 2.4790706635    1.028  1.075  3.6769  3.035    3  0.000  0.454     0.00     0.00 -1 -4.24e-12      0.00 6.923e-01 2.926e-01 2.261e-03 1.170e-03 6.633e-03 -1.000 1.513e-02 2.082 2.843 2.101 1.842 1.728 1.670 2.179
0.0152 0.01508 10.00000 1.0307823420 2.4791386127    1.029  1.117  3.6753  2.986    3  0.000  0.454     0.00     0.00 -1 -4.93e-12      0.00 6.921e-01 2.927e-01 2.258e-03 1.174e-03 6.634e-03 -1.000 1.513e-02 1.978 2.752 2.003 1.740 1.623 1.565 2.080
0.0152 0.01508 10.00000 1.0310891867 2.4791984558    1.029  1.157  3.6736  2.940    3  0.000  0.453     0.00     0.00 -1 -5.69e-12      0.00 6.921e-01 2.928e-01 2.256e-03 1.176e-03 6.634e-03 -1.000 1.513e-02 1.879 2.667 1.910 1.644 1.524 1.464 1.986
0.0152 0.01508 10.00000 1.0313726664 2.4792537689    1.029  1.196  3.6720  2.894    3  0.000  0.453     0.00     0.00 -1 -6.57e-12      0.00 6.920e-01 2.928e-01 2.255e-03 1.177e-03 6.634e-03 -1.000 1.513e-02 1.780 2.582 1.817 1.548 1.426 1.365 1.894
0.0152 0.01508 10.00000 1.0317133665 2.4793200493    1.029  1.248  3.6697  2.834    3  0.000  0.453     0.00     0.00 -1 -7.93e-12      0.00 6.920e-01 2.928e-01 2.255e-03 1.178e-03 6.634e-03 -1.000 1.513e-02 1.651 2.471 1.697 1.422 1.297 1.234 1.773
0.0152 0.01508 10.00000 1.0320152044 2.4793789387    1.030  1.298  3.6673  2.774    3  0.000  0.453     0.00     0.00 -1 -9.52e-12      0.00 6.920e-01 2.928e-01 2.255e-03 1.178e-03 6.634e-03 -1.000 1.514e-02 1.526 2.366 1.581 1.301 1.173 1.108 1.657
0.0152 0.01508 10.00000 1.0322917700 2.4794328213    1.030  1.348  3.6649  2.715    3  0.000  0.453     0.00     0.00 -1 -1.14e-11      0.00 6.920e-01 2.929e-01 2.254e-03 1.178e-03 6.634e-03 -1.000 1.514e-02 1.401 2.262 1.466 1.181 1.048 0.981 1.541
0.0152 0.01508 10.00000 1.0325486660 2.4794826508    1.030  1.398  3.6624  2.655    3  0.000  0.453     0.00     0.00 -1 -1.37e-11      0.00 6.920e-01 2.929e-01 2.254e-03 1.179e-03 6.635e-03 -1.000 1.514e-02 1.276 2.159 1.351 1.060 0.924 0.855 1.425
0.0152 0.01508 10.00000 1.0327839851 2.4795284271    1.030  1.445  3.6600  2.598    3  0.000  0.453     0.00     0.00 -1 -1.64e-11      0.00 6.920e-01 2.929e-01 2.254e-03 1.179e-03 6.635e-03 -1.000 1.514e-02 1.157 2.061 1.242 0.946 0.806 0.735 1.316
0.0152 0.01508 10.00000 1.0330250263 2.4795753956    1.030  1.490  3.6577  2.544    3  0.000  0.453     0.00     0.00 -1 -1.93e-11      0.00 6.920e-01 2.929e-01 2.254e-03 1.180e-03 6.635e-03 -1.000 1.514e-02 1.045 1.970 1.141 0.839 0.695 0.622 1.214
0.0152 0.01508 10.00000 1.0332717896 2.4796233177    1.030  1.524  3.6559  2.502    3  0.000  0.453     0.00     0.00 -1  -2.2e-11      0.00 6.920e-01 2.929e-01 2.253e-03 1.180e-03 6.635e-03 -1.000 1.514e-02 0.959 1.901 1.063 0.757 0.611 0.536 1.135
0.0152 0.01508 10.00000 1.0334594250 2.4796595573    1.030  1.496  3.6579  2.539    3  0.000  0.453     0.00     0.00 -1    -2e-11      0.00 6.920e-01 2.929e-01 2.253e-03 1.180e-03 6.635e-03 -1.000 1.514e-02 1.031 1.954 1.126 0.825 0.681 0.608 1.199
0.0152 0.01508 10.00000 1.0335848331 2.4796841145    1.030  1.454  3.6606  2.591    3  0.000  0.453     0.00     0.00 -1 -1.72e-11      0.00 6.920e-01 2.929e-01 2.253e-03 1.180e-03 6.635e-03 -1.000 1.514e-02 1.135 2.033 1.218 0.923 0.784 0.713 1.291
0.0152 0.01508 10.00000 1.0335954428 2.4796860218    1.030  1.451  3.6608  2.595    3  0.000  0.453     0.00     0.00 -1 -1.69e-11      0.00 6.920e-01 2.929e-01 2.253e-03 1.180e-03 6.635e-03 -1.000 1.514e-02 1.142 2.038 1.223 0.929 0.790 0.720 1.297
0.0152 0.01508 10.00000 1.0337706804 2.4797201157    1.030  1.498  3.6583  2.538    3  0.000  0.453     0.00     0.00 -1 -1.98e-11      0.00 6.920e-01 2.929e-01 2.253e-03 1.181e-03 6.635e-03 -1.000 1.514e-02 1.026 1.946 1.119 0.819 0.676 0.604 1.192
0.0152 0.01508 10.00000 1.0339505672 2.4797549248    1.030  1.545  3.6556  2.480    3  0.000  0.453     0.00     0.00 -1 -2.36e-11      0.00 6.920e-01 2.929e-01 2.253e-03 1.181e-03 6.635e-03 -1.000 1.514e-02 0.908 1.853 1.013 0.706 0.559 0.484 1.085
0.0152 0.01508 10.00000 1.0341225863 2.4797883034    1.030  1.593  3.6529  2.421    3  0.000  0.453     0.00     0.00 -1 -2.82e-11      0.00 6.919e-01 2.929e-01 2.252e-03 1.181e-03 6.635e-03 -1.000 1.514e-02 0.788 1.762 0.904 0.590 0.439 0.362 0.976
0.0152 0.01508 10.00000 1.0342770815 2.4798181057    1.030  1.639  3.6502  2.364    3  0.000  0.453     0.00     0.00 -1 -3.35e-11      0.00 6.919e-01 2.929e-01 2.252e-03 1.181e-03 6.635e-03 -1.000 1.514e-02 0.672 1.674 0.800 0.479 0.324 0.245 0.871
0.0152 0.01508 10.00000 1.0344238281 2.4798467159    1.030  1.687  3.6474  2.305    3  0.000  0.452     0.00     0.00 -1    -4e-11      0.00 6.919e-01 2.929e-01 2.252e-03 1.182e-03 6.635e-03 -1.000 1.514e-02 0.553 1.587 0.695 0.366 0.206 0.125 0.765
0.0152 0.01508 10.00000 1.0345529318 2.4798715115    1.030  1.733  3.6446  2.249    3  0.000  0.452     0.00     0.00 -1 -4.74e-11      0.00 6.919e-01 2.929e-01 2.252e-03 1.182e-03 6.635e-03 -1.000 1.514e-02 0.439 1.505 0.595 0.258 0.094 0.010 0.664
0.0152 0.01508 10.00000 1.0346741676 2.4798951149    1.030  1.779  3.6417  2.191    3  0.000  0.452     0.00     0.00 -1 -5.64e-11      0.00 6.919e-01 2.929e-01 2.252e-03 1.182e-03 6.635e-03 -1.000 1.514e-02 0.322 1.422 0.494 0.148 -0.021 -0.107 0.561
0.0152 0.01508 10.00000 1.0347834826 2.4799163342    1.030  1.825  3.6389  2.134    3  0.000  0.452     0.00     0.00 -1 -6.69e-11      0.00 6.919e-01 2.929e-01 2.252e-03 1.182e-03 6.635e-03 -1.000 1.514e-02 0.208 1.341 0.395 0.040 -0.133 -0.222 0.461
0.0152 0.01508 10.00000 1.0348836184 2.4799356461    1.030  1.870  3.6360  2.077    3  0.000  0.452     0.00     0.00 -1 -7.93e-11      0.00 6.919e-01 2.929e-01 2.252e-03 1.182e-03 6.636e-03 -1.000 1.514e-02 0.095 1.264 0.300 -0.065 -0.244 -0.336 0.363
0.0152 0.01508 10.00000 1.0349775553 2.4799537659    1.030  1.916  3.6330  2.019    3  0.000  0.452     0.00     0.00 -1 -9.42e-11      0.00 6.919e-01 2.929e-01 2.251e-03 1.183e-03 6.636e-03 -1.000 1.514e-02 -0.019 1.186 0.204 -0.172 -0.356 -0.451 0.265
0.0152 0.01508 10.00000 1.0350606441 2.4799699783    1.029  1.960  3.6301  1.963    3  0.000  0.452     0.00     0.00 -1 -1.11e-10      0.00 6.919e-01 2.929e-01 2.251e-03 1.183e-03 6.636e-03 -1.000 1.514e-02 -0.130 1.109 0.111 -0.274 -0.463 -0.560 0.170
0.0152 0.01508 10.00000 1.0351366997 2.4799845219    1.029  2.004  3.6271  1.907    3  0.000  0.452     0.00     0.00 -1 -1.31e-10      0.00 6.919e-01 2.929e-01 2.251e-03 1.183e-03 6.636e-03 -1.000 1.514e-02 -0.240 1.033 0.023 -0.374 -0.568 -0.668 0.078
0.0152 0.01508 10.00000 1.0352082253 2.4799983501    1.029  2.049  3.6241  1.850    3  0.000  0.452     0.00     0.00 -1 -1.56e-10      0.00 6.919e-01 2.929e-01 2.251e-03 1.183e-03 6.636e-03 -1.000 1.514e-02 -0.353 0.954 -0.069 -0.475 -0.675 -0.777 -0.017
0.0152 0.01508 10.00000 1.0352715254 2.4800107479    1.029  2.092  3.6211  1.794    3  0.000  0.452     0.00     0.00 -1 -1.84e-10      0.00 6.919e-01 2.930e-01 2.251e-03 1.183e-03 6.636e-03 -1.000 1.514e-02 -0.461 0.878 -0.156 -0.572 -0.777 -0.882 -0.108
0.0152 0.01508 10.00000 1.0353313684 2.4800221920    1.028  2.137  3.6180  1.737    3  0.000  0.452     0.00     0.00 -1 -2.17e-10      0.00 6.919e-01 2.930e-01 2.251e-03 1.183e-03 6.636e-03 -1.000 1.514e-02 -0.572 0.801 -0.244 -0.671 -0.882 -0.990 -0.199
0.0152 0.01508 10.00000 1.0353835821 2.4800322056    1.028  2.179  3.6150  1.683    3  0.000  0.452     0.00     0.00 -1 -2.55e-10      0.00 6.919e-01 2.930e-01 2.251e-03 1.183e-03 6.636e-03 -1.000 1.514e-02 -0.676 0.730 -0.325 -0.763 -0.979 -1.091 -0.284
0.0152 0.01508 10.00000 1.0354336500 2.4800419807    1.027  2.222  3.6119  1.627    3  0.000  0.452     0.00     0.00 -1    -3e-10      0.00 6.919e-01 2.930e-01 2.251e-03 1.183e-03 6.636e-03 -1.000 1.514e-02 -0.785 0.655 -0.410 -0.857 -1.080 -1.195 -0.373
0.0152 0.01508 10.00000 1.0354794264 2.4800508022    1.027  2.265  3.6087  1.572    3  0.000  0.452     0.00     0.00 -1 -3.54e-10      0.00 6.919e-01 2.930e-01 2.251e-03 1.183e-03 6.636e-03 -1.000 1.514e-02 -0.892 0.583 -0.492 -0.950 -1.179 -1.298 -0.459
0.0152 0.01508 10.00000 1.0355205536 2.4800586700    1.026  2.306  3.6056  1.518    3  0.000  0.452     0.00     0.00 -1 -4.14e-10      0.00 6.919e-01 2.930e-01 2.251e-03 1.183e-03 6.636e-03 -1.000 1.514e-02 -0.995 0.515 -0.568 -1.038 -1.275 -1.398 -0.540
0.0152 0.01508 10.00000 1.0355592966 2.4800662994    1.026  2.348  3.6024  1.463    3  0.000  0.452     0.00     0.00 -1 -4.87e-10      0.00 6.919e-01 2.930e-01 2.251e-03 1.183e-03 6.636e-03 -1.000 1.514e-02 -1.100 0.454 -0.643 -1.129 -1.374 -1.502 -0.621
0.0152 0.01508 10.00000 1.0355945826 2.4800729752    1.025  2.389  3.5992  1.408    3  0.000  0.452     0.00     0.00 -1 -5.71e-10      0.00 6.919e-01 2.930e-01 2.251e-03 1.183e-03 6.636e-03 -1.000 1.514e-02 -1.204 0.399 -0.715 -1.219 -1.472 -1.604 -0.699
0.0152 0.01508 10.00000 1.0356268883 2.4800794125    1.025  2.430  3.5960  1.354    3  0.000  0.452     0.00     0.00 -1 -6.68e-10      0.00 6.919e-01 2.930e-01 2.251e-03 1.184e-03 6.636e-03 -1.000 1.514e-02 -1.305 0.351 -0.777 -1.305 -1.568 -1.706 -0.772
0.0152 0.01508 10.00000 1.0356571674 2.4800851345    1.024  2.471  3.5927  1.300    3  0.000  0.452     0.00     0.00 -1 -7.82e-10      0.00 6.919e-01 2.930e-01 2.251e-03 1.184e-03 6.636e-03 -1.000 1.514e-02 -1.408 0.301 -0.840 -1.392 -1.666 -1.809 -0.846
0.0152 0.01508 10.00000 1.0356844664 2.4800903797    1.023  2.511  3.5895  1.247    3  0.000  0.452     0.00     0.00 -1 -9.12e-10      0.00 6.919e-01 2.930e-01 2.251e-03 1.184e-03 6.636e-03 -1.000 1.514e-02 -1.507 0.256 -0.899 -1.475 -1.760 -1.908 -0.916
0.0152 0.01508 10.00000 1.0357092619 2.4800951481    1.022  2.550  3.5862  1.195    3  0.000  0.452     0.00     0.00 -1 -1.06e-09      0.00 6.919e-01 2.930e-01 2.251e-03 1.184e-03 6.636e-03 -1.000 1.514e-02 -1.604 0.220 -0.946 -1.553 -1.851 -2.005 -0.978
0.0152 0.01508 10.00000 1.0357328653 2.4800996780    1.021  2.589  3.5828  1.141    3  0.000  0.452     0.00     0.00 -1 -1.24e-09      0.00 6.919e-01 2.930e-01 2.251e-03 1.184e-03 6.636e-03 -1.000 1.514e-02 -1.703 0.182 -0.995 -1.633 -1.944 -2.104 -1.042
0.0152 0.01508 10.00000 1.0357542038 2.4801039696    1.020  2.627  3.5795  1.089    3  0.000  0.452     0.00     0.00 -1 -1.44e-09      0.00 6.919e-01 2.930e-01 2.251e-03 1.184e-03 6.636e-03 -1.000 1.514e-02 -1.799 0.148 -1.039 -1.710 -2.033 -2.199 -1.102
0.0152 0.01508 10.00000 1.0357739925 2.4801077843    1.019  2.665  3.5761  1.038    3  0.000  0.452     0.00     0.00 -1 -1.67e-09      0.00 6.919e-01 2.930e-01 2.251e-03 1.184e-03 6.636e-03 -1.000 1.514e-02 -1.893 0.127 -1.065 -1.780 -2.120 -2.294 -1.152
0.0152 0.01508 10.00000 1.0357925892 2.4801113605    1.018  2.703  3.5726  0.985    3  0.000  0.452     0.00     0.00 -1 -1.93e-09      0.00 6.919e-01 2.930e-01 2.251e-03 1.184e-03 6.636e-03 -1.000 1.514e-02 -1.988 0.108 -1.089 -1.851 -2.207 -2.389 -1.201
0.0152 0.01508 10.00000 1.0358099937 2.4801146984    1.017  2.741  3.5691  0.933    3  0.000  0.452     0.00     0.00 -1 -2.24e-09      0.00 6.919e-01 2.930e-01 2.251e-03 1.184e-03 6.636e-03 -1.000 1.514e-02 -2.081 0.096 -1.106 -1.919 -2.293 -2.483 -1.247
0.0152 0.01508 10.00000 1.0358296633 2.4801185131    1.015  2.786  3.5648  0.870    3  0.000  0.452     0.00     0.00 -1 -2.68e-09      0.00 6.919e-01 2.930e-01 2.250e-03 1.184e-03 6.636e-03 -1.000 1.514e-02 -2.195 0.098 -1.103 -1.994 -2.394 -2.596 -1.290
0.0152 0.01508 10.00000 1.0358475447 2.4801218510    1.014  2.830  3.5605  0.808    3  0.000  0.452     0.00     0.00 -1  -3.2e-09      0.00 6.919e-01 2.930e-01 2.250e-03 1.184e-03 6.636e-03 -1.000 1.514e-02 -2.305 0.102 -1.099 -2.067 -2.492 -2.707 -1.331
0.0152 0.01508 10.00000 1.0358639956 2.4801251888    1.012  2.873  3.5561  0.746    3  0.000  0.452     0.00     0.00 -1  -3.8e-09      0.00 6.919e-01 2.930e-01 2.250e-03 1.184e-03 6.636e-03 -1.000 1.514e-02 -2.414 0.129 -1.066 -2.129 -2.583 -2.813 -1.358
0.0152 0.01508 10.00000 1.0358792543 2.4801280499    1.009  2.917  3.5517  0.684    3  0.000  0.452     0.00     0.00 -1 -4.53e-09      0.00 6.919e-01 2.930e-01 2.250e-03 1.184e-03 6.636e-03 -1.000 1.514e-02 -2.522 0.162 -1.027 -2.189 -2.673 -2.918 -1.381
0.0152 0.01508 10.00000 1.0358933210 2.4801306725    1.007  2.959  3.5472  0.623    3  0.000  0.452     0.00     0.00 -1 -5.38e-09      0.00 6.919e-01 2.930e-01 2.250e-03 1.184e-03 6.636e-03 -1.000 1.514e-02 -2.628 0.217 -0.965 -2.236 -2.752 -3.018 -1.391
0.0152 0.01508 10.00000 1.0359063148 2.4801332951    1.004  3.000  3.5427  0.562    3  0.000  0.452     0.00     0.00 -1 -6.37e-09      0.00 6.919e-01 2.930e-01 2.250e-03 1.184e-03 6.636e-03 -1.000 1.514e-02 -2.731 0.287 -0.889 -2.276 -2.826 -3.115 -1.392
0.0152 0.01508 10.00000 1.0359184742 2.4801356792    1.001  3.042  3.5381  0.501    3  0.000  0.452     0.00     0.00 -1 -7.55e-09      0.00 6.919e-01 2.930e-01 2.250e-03 1.184e-03 6.636e-03 -1.000 1.514e-02 -2.834 0.373 -0.799 -2.307 -2.892 -3.208 -1.385
0.0152 0.01508 10.00000 1.0359295607 2.4801378250    0.998  3.082  3.5336  0.442    3  0.000  0.452     0.00     0.00 -1 -8.91e-09      0.00 6.919e-01 2.930e-01 2.250e-03 1.184e-03 6.636e-03 -1.000 1.514e-02 -2.935 0.487 -0.684 -2.324 -2.946 -3.295 -1.364
0.0152 0.01508 10.00000 1.0359399319 2.4801397324    0.995  3.122  3.5290  0.382    3  0.000  0.452     0.00     0.00 -1 -1.05e-08      0.00 6.919e-01 2.930e-01 2.250e-03 1.184e-03 6.636e-03 -1.000 1.514e-02 -3.034 0.613 -0.562 -2.333 -2.993 -3.379 -1.336
0.0152 0.01508 10.00000 1.0359495878 2.4801416397    0.991  3.160  3.5244  0.323    3  0.000  0.452     0.00     0.00 -1 -1.24e-08      0.00 6.919e-01 2.930e-01 2.250e-03 1.184e-03 6.636e-03 -1.000 1.514e-02 -3.131 0.779 -0.414 -2.318 -3.015 -3.449 -1.287
0.0152 0.01508 10.00000 1.0359584093 2.4801433086    0.987  3.198  3.5197  0.265    3  0.000  0.452     0.00     0.00 -1 -1.45e-08      0.00 6.919e-01 2.930e-01 2.250e-03 1.184e-03 6.636e-03 -1.000 1.514e-02 -3.226 0.957 -0.256 -2.296 -3.032 -3.515 -1.230
0.0152 0.01508 10.00000 1.0359668732 2.4801449776    0.982  3.236  3.5150  0.207    3  0.000  0.452     0.00     0.00 -1  -1.7e-08      0.00 6.919e-01 2.930e-01 2.250e-03 1.184e-03 6.636e-03 -1.000 1.514e-02 -3.319 1.188 -0.052 -2.238 -3.010 -3.557 -1.140
0.0152 0.01508 10.00000 1.0359747410 2.4801464081    0.977  3.272  3.5103  0.149    3  0.000  0.452     0.00     0.00 -1 -1.99e-08      0.00 6.919e-01 2.930e-01 2.250e-03 1.184e-03 6.636e-03 -1.000 1.514e-02 -3.411 1.426 0.159 -2.176 -2.986 -3.597 -1.046
0.0152 0.01508 10.00000 1.0359820127 2.4801478386    0.972  3.308  3.5056  0.092    3  0.000  0.452     0.00     0.00 -1 -2.31e-08      0.00 6.919e-01 2.930e-01 2.250e-03 1.184e-03 6.636e-03 -1.000 1.514e-02 -3.501 1.619 0.319 -2.123 -2.967 -3.633 -0.970
0.0152 0.01508 10.00000 1.0359889269 2.4801492691    0.966  3.343  3.5010  0.036    3  0.000  0.452     0.00     0.00 -1 -2.68e-08      0.00 6.919e-01 2.930e-01 2.250e-03 1.184e-03 6.636e-03 -1.000 1.514e-02 -3.588 1.829 0.492 -2.058 -2.936 -3.660 -0.882
0.0152 0.01508 10.00000 1.0359956026 2.4801504612    0.959  3.378  3.4964 -0.021    3  0.000  0.452     0.00     0.00 -1 -3.11e-08      0.00 6.919e-01 2.930e-01 2.250e-03 1.184e-03 6.636e-03 -1.000 1.514e-02 -3.674 2.021 0.638 -1.990 -2.903 -3.680 -0.797
0.0152 0.01508 10.00000 1.0360008478 2.4801514149    0.953  3.403  3.4929 -0.063    3  0.000  0.452     0.00     0.00 -1 -3.48e-08      0.00 6.919e-01 2.930e-01 2.250e-03 1.184e-03 6.636e-03 -1.000 1.514e-02 -3.738 2.159 0.738 -1.939 -2.879 -3.694 -0.736
0.0152 0.01508 10.00000 1.0360008478 2.4801514149    0.953  1.679  3.6673  2.359    4  0.000  0.472     0.00     0.00 -1    -1e-30      0.00 6.947e-01 2.902e-01 2.340e-03 1.062e-03 6.610e-03 -1.000 1.507e-02 0.572 1.408 0.625 0.348 0.217 0.156 0.701
0.0152 0.01508 10.00000 1.0360876322 2.4801683426    0.953  1.687  3.6668  2.349    4  0.000  0.472     0.00     0.00 -1    -1e-30      0.00 6.947e-01 2.902e-01 2.340e-03 1.063e-03 6.610e-03 -1.000 1.507e-02 0.553 1.395 0.609 0.330 0.199 0.136 0.685
0.0152 0.01508 10.00000 1.0361766815 2.4801855087    0.953  1.690  3.6666  2.345    4  0.000  0.472     0.00     0.00 -1    -1e-30      0.00 6.947e-01 2.902e-01 2.340e-03 1.063e-03 6.610e-03 -1.000 1.507e-02 0.544 1.387 0.600 0.321 0.189 0.127 0.676
0.0152 0.01508 10.00000 1.0362657309 2.4802026749    0.953  1.690  3.6668  2.346    4  0.000  0.472     0.00     0.00 -1    -1e-30      0.00 6.947e-01 2.902e-01 2.340e-03 1.063e-03 6.610e-03 -1.000 1.507e-02 0.544 1.385 0.600 0.321 0.190 0.128 0.676
0.0152 0.01508 10.00000 1.0363553762 2.4802198410    0.953  1.688  3.6672  2.350    4  0.000  0.472     0.00     0.00 -1    -1e-30      0.00 6.947e-01 2.902e-01 2.340e-03 1.063e-03 6.610e-03 -1.000 1.508e-02 0.550 1.387 0.603 0.326 0.195 0.133 0.679
0.0152 0.01508 10.00000 1.0364483595 2.4802377224    0.953  1.685  3.6677  2.355    4  0.000  0.472     0.00     0.00 -1    -1e-30      0.00 6.947e-01 2.902e-01 2.340e-03 1.063e-03 6.610e-03 -1.000 1.508e-02 0.557 1.389 0.608 0.332 0.202 0.141 0.685
0.0152 0.01508 10.00000 1.0365377665 2.4802551270    0.953  1.682  3.6683  2.360    4  0.000  0.472     0.00     0.00 -1    -1e-30      0.00 6.947e-01 2.902e-01 2.340e-03 1.063e-03 6.610e-03 -1.000 1.508e-02 0.564 1.392 0.614 0.339 0.209 0.149 0.690
0.0152 0.01508 10.00000 1.0366318226 2.4802732468    0.954  1.679  3.6688  2.365    4  0.000  0.472     0.00     0.00 -1    -1e-30      0.00 6.947e-01 2.902e-01 2.340e-03 1.063e-03 6.610e-03 -1.000 1.508e-02 0.572 1.394 0.619 0.346 0.217 0.157 0.695
0.0152 0.01508 10.00000 1.0367223024 2.4802906513    0.954  1.676  3.6693  2.370    4  0.000  0.472     0.00     0.00 -1    -1e-30      0.00 6.947e-01 2.902e-01 2.340e-03 1.063e-03 6.610e-03 -1.000 1.508e-02 0.579 1.396 0.624 0.352 0.224 0.164 0.701
0.0152 0.01508 10.00000 1.0368109941 2.4803075790    0.954  1.674  3.6698  2.375    4  0.000  0.472     0.00     0.00 -1    -1e-30      0.00 6.947e-01 2.902e-01 2.340e-03 1.064e-03 6.610e-03 -1.000 1.508e-02 0.585 1.398 0.629 0.357 0.230 0.171 0.705
0.0152 0.01508 10.00000 1.0369075537 2.4803261757    0.954  1.672  3.6702  2.379    4  0.000  0.472     0.00     0.00 -1    -1e-30      0.00 6.947e-01 2.902e-01 2.340e-03 1.064e-03 6.610e-03 -1.000 1.508e-02 0.591 1.400 0.633 0.363 0.236 0.177 0.709
0.0152 0.01508 10.00000 1.0370041132 2.4803447723    0.954  1.670  3.6707  2.383    4  0.000  0.472     0.00     0.00 -1    -1e-30      0.00 6.947e-01 2.903e-01 2.339e-03 1.064e-03 6.610e-03 -1.000 1.508e-02 0.596 1.401 0.637 0.367 0.241 0.182 0.713
0.0152 0.01508 10.00000 1.0371010303 2.4803636074    0.954  1.668  3.6710  2.386    4  0.000  0.472     0.00     0.00 -1    -1e-30      0.00 6.947e-01 2.903e-01 2.339e-03 1.064e-03 6.611e-03 -1.000 1.508e-02 0.601 1.403 0.640 0.371 0.246 0.187 0.716
0.0152 0.01508 10.00000 1.0371954441 2.4803817272    0.954  1.666  3.6713  2.389    4  0.000  0.472     0.00     0.00 -1    -1e-30      0.00 6.947e-01 2.903e-01 2.339e-03 1.064e-03 6.611e-03 -1.000 1.508e-02 0.604 1.404 0.643 0.374 0.249 0.191 0.719
0.0152 0.01508 10.00000 1.0372377634 2.4803898335    0.954  1.666  3.6715  2.390    4  0.000  0.472     0.00     0.00 -1    -1e-30      0.00 6.947e-01 2.903e-01 2.339e-03 1.064e-03 6.611e-03 -1.000 1.508e-02 0.606 1.404 0.644 0.376 0.251 0.193 0.720
0.0152 0.01508 10.00000 1.0372672081 2.4803955555    0.954  1.665  3.6716  2.391    4  0.000  0.472     0.00     0.00 -1    -1e-30      0.00 6.947e-01 2.903e-01 2.339e-03 1.064e-03 6.611e-03 -1.000 1.508e-02 0.607 1.404 0.644 0.377 0.252 0.194 0.721
0.0152 0.01508 10.00000 1.0373581648 2.4804129601    0.954  1.664  3.6718  2.393    4  0.000  0.472     0.00     0.00 -1    -1e-30      0.00 6.947e-01 2.903e-01 2.339e-03 1.064e-03 6.611e-03 -1.000 1.508e-02 0.609 1.404 0.646 0.379 0.254 0.196 0.722
0.0152 0.01508 10.00000 1.0374464989 2.4804301262    0.955  1.664  3.6720  2.394    4  0.000  0.472     0.00     0.00 -1    -1e-30      0.00 6.947e-01 2.903e-01 2.339e-03 1.064e-03 6.611e-03 -1.000 1.508e-02 0.611 1.404 0.647 0.380 0.256 0.198 0.723
0.0152 0.01508 10.00000 1.0375312567 2.4804463387    0.955  1.663  3.6722  2.395    4  0.000  0.472     0.00     0.00 -1    -1e-30      0.00 6.947e-01 2.903e-01 2.339e-03 1.065e-03 6.611e-03 -1.000 1.508e-02 0.612 1.404 0.647 0.381 0.257 0.200 0.724
0.0152 0.01508 10.00000 1.0376223326 2.4804637432    0.955  1.663  3.6723  2.396    4  0.000  0.472     0.00     0.00 -1    -1e-30      0.00 6.946e-01 2.903e-01 2.339e-03 1.065e-03 6.611e-03 -1.000 1.508e-02 0.612 1.403 0.647 0.381 0.258 0.200 0.724
0.0152 0.01508 10.00000 1.0377086401 2.4804804325    0.955  1.663  3.6724  2.396    4  0.000  0.472     0.00     0.00 -1    -1e-30      0.00 6.946e-01 2.903e-01 2.339e-03 1.065e-03 6.611e-03 -1.000 1.508e-02 0.612 1.402 0.646 0.380 0.257 0.199 0.723
0.0152 0.01508 10.00000 1.0377969742 2.4804973602    0.955  1.664  3.6724  2.396    4  0.000  0.472     0.00     0.00 -1    -1e-30      0.00 6.946e-01 2.903e-01 2.339e-03 1.065e-03 6.611e-03 -1.000 1.508e-02 0.610 1.400 0.645 0.379 0.255 0.198 0.721
0.0152 0.01508 10.00000 1.0378836393 2.4805140495    0.955  1.665  3.6724  2.394    4  0.000  0.472     0.00     0.00 -1    -1e-30      0.00 6.946e-01 2.903e-01 2.339e-03 1.065e-03 6.611e-03 -1.000 1.508e-02 0.607 1.398 0.642 0.376 0.253 0.195 0.719
0.0152 0.01508 10.00000 1.0378897190 2.4805152416    0.955  1.665  3.6724  2.394    4  0.000  0.472     0.00     0.00 -1    -1e-30      0.00 6.946e-01 2.903e-01 2.339e-03 1.065e-03 6.611e-03 -1.000 1.508e-02 0.607 1.398 0.642 0.376 0.252 0.195 0.718
0.0152 0.01508 10.00000 1.0379265547 2.4805223942    0.955  1.666  3.6723  2.394    4  0.000  0.472     0.00     0.00 -1    -1e-30      0.00 6.946e-01 2.903e-01 2.339e-03 1.065e-03 6.611e-03 -1.000 1.508e-02 0.606 1.396 0.640 0.374 0.251 0.193 0.717
0.0152 0.01508 10.00000 1.0380171537 2.4805397987    0.955  1.668  3.6722  2.391    4  0.000  0.472     0.00     0.00 -1    -1e-30      0.00 6.946e-01 2.903e-01 2.338e-03 1.065e-03 6.611e-03 -1.000 1.508e-02 0.601 1.393 0.636 0.370 0.246 0.189 0.713
0.0152 0.01508 10.00000 1.0381066799 2.4805569649    0.955  1.670  3.6720  2.388    4  0.000  0.472     0.00     0.00 -1    -1e-30      0.00 6.946e-01 2.903e-01 2.338e-03 1.065e-03 6.611e-03 -1.000 1.508e-02 0.595 1.388 0.630 0.364 0.240 0.182 0.707
0.0152 0.01508 10.00000 1.0381959677 2.4805741310    0.955  1.673  3.6718  2.384    4  0.000  0.472     0.00     0.00 -1    -1e-30      0.00 6.946e-01 2.903e-01 2.338e-03 1.066e-03 6.611e-03 -1.000 1.508e-02 0.587 1.383 0.624 0.356 0.232 0.174 0.700
0.0152 0.01508 10.00000 1.0382874012 2.4805915356    0.956  1.677  3.6714  2.379    4  0.000  0.472     0.00     0.00 -1    -1e-30      0.00 6.946e-01 2.903e-01 2.338e-03 1.066e-03 6.611e-03 -1.000 1.508e-02 0.577 1.376 0.615 0.347 0.222 0.164 0.691
0.0152 0.01508 10.00000 1.0383775234 2.4806089401    0.956  1.682  3.6710  2.372    4  0.000  0.472     0.00     0.00 -1    -1e-30      0.00 6.946e-01 2.903e-01 2.338e-03 1.066e-03 6.611e-03 -1.000 1.508e-02 0.565 1.368 0.604 0.335 0.210 0.151 0.681
0.0152 0.01508 10.00000 1.0384677649 2.4806263447    0.956  1.687  3.6705  2.365    4  0.000  0.472     0.00     0.00 -1    -1e-30      0.00 6.946e-01 2.903e-01 2.338e-03 1.066e-03 6.611e-03 -1.000 1.508e-02 0.551 1.359 0.592 0.322 0.196 0.137 0.669
0.0152 0.01508 10.00000 1.0385576487 2.4806435108    0.956  1.694  3.6699  2.356    4  0.000  0.472     0.00     0.00 -1    -1e-30      0.00 6.946e-01 2.903e-01 2.338e-03 1.066e-03 6.611e-03 -1.000 1.508e-02 0.536 1.349 0.579 0.308 0.181 0.121 0.656
0.0152 0.01508 10.00000 1.0386466980 2.4806606770    0.956  1.701  3.6692  2.346    4  0.000  0.472     0.00     0.00 -1    -1e-30      0.00 6.946e-01 2.903e-01 2.338e-03 1.066e-03 6.611e-03 -1.000 1.508e-02 0.518 1.337 0.564 0.291 0.163 0.103 0.640
0.0152 0.01508 10.00000 1.0387381315 2.4806780815    0.956  1.707  3.6686  2.338    4  0.000  0.472     0.00     0.00 -1    -1e-30      0.00 6.946e-01 2.903e-01 2.338e-03 1.066e-03 6.611e-03 -1.000 1.508e-02 0.503 1.328 0.551 0.277 0.148 0.088 0.628
0.0152 0.01508 10.00000 1.0388308764 2.4806959629    0.956  1.713  3.6680  2.329    4  0.000  0.472     0.00     0.00 -1    -1e-30      0.00 6.946e-01 2.903e-01 2.338e-03 1.066e-03 6.611e-03 -1.000 1.508e-02 0.487 1.317 0.537 0.261 0.131 0.071 0.613
0.0152 0.01508 10.00000 1.0389230251 2.4807136059    0.956  1.740  3.6655  2.292    4  0.000  0.472     0.00     0.00 -1    -1e-30      0.00 6.946e-01 2.903e-01 2.338e-03 1.067e-03 6.611e-03 -1.000 1.508e-02 0.419 1.274 0.479 0.198 0.064 0.002 0.555
0.0152 0.01508 10.00000 1.0389945507 2.4807271957    0.956  1.779  3.6619  2.239    4  0.000  0.472     0.00     0.00 -1    -1e-30      0.00 6.946e-01 2.903e-01 2.337e-03 1.067e-03 6.611e-03 -1.000 1.508e-02 0.323 1.211 0.396 0.107 -0.032 -0.097 0.472
0.0152 0.01508 10.00000 1.0390301943 2.4807341099    0.956  1.817  3.6583  2.187    4  0.000  0.472     0.00     0.00 -1    -1e-30      0.00 6.946e-01 2.903e-01 2.337e-03 1.067e-03 6.611e-03 -1.000 1.508e-02 0.228 1.152 0.315 0.018 -0.126 -0.195 0.391
0.0152 0.01508 10.00000 1.0390501022 2.4807379246    0.956  1.858  3.6545  2.131    4  0.000  0.472     0.00     0.00 -1    -1e-30      0.00 6.946e-01 2.903e-01 2.337e-03 1.067e-03 6.611e-03 -1.000 1.508e-02 0.124 1.088 0.228 -0.079 -0.228 -0.300 0.303
0.0152 0.01508 10.00000 1.0390599966 2.4807398319    0.956  1.897  3.6510  2.077    4  0.000  0.472     0.00     0.00 -1    -1e-30      0.00 6.946e-01 2.903e-01 2.337e-03 1.067e-03 6.611e-03 -1.000 1.508e-02 0.027 1.028 0.147 -0.169 -0.324 -0.399 0.221
0.0152 0.01508 10.00000 1.0390652418 2.4807407856    0.956  1.936  3.6475  2.025    4  0.000  0.472     0.00     0.00 -1    -1e-30      0.00 6.946e-01 2.903e-01 2.337e-03 1.067e-03 6.611e-03 -1.000 1.508e-02 -0.070 0.970 0.067 -0.259 -0.419 -0.497 0.140
0.0152 0.01508 10.00000 1.0390683413 2.4807415009    0.956  1.975  3.6440  1.972    4  0.000  0.472     0.00     0.00 -1    -1e-30      0.00 6.946e-01 2.903e-01 2.337e-03 1.067e-03 6.611e-03 -1.000 1.508e-02 -0.167 0.911 -0.012 -0.347 -0.513 -0.594 0.059
0.0152 0.01508 10.00000 1.0390704870 2.4807417393    0.956  2.014  3.6405  1.919    4  0.000  0.472     0.00     0.00 -1    -1e-30      0.00 6.946e-01 2.903e-01 2.337e-03 1.067e-03 6.611e-03 -1.000 1.508e-02 -0.265 0.849 -0.093 -0.437 -0.607 -0.691 -0.023
0.0152 0.01508 10.00000 1.0390715599 2.4807419777    0.956  2.041  3.6382  1.883    7  0.000  0.472     0.00     0.00 -1    -1e-30      0.00 6.946e-01 2.903e-01 2.337e-03 1.067e-03 6.611e-03 -1.000 1.508e-02 -0.332 0.807 -0.146 -0.497 -0.671 -0.756 -0.078
0.0152 0.01508 10.00000 1.0390719175 2.4807422161    0.956  2.051  3.6373  1.869    7  0.000  0.472     0.00     0.00 -1    -1e-30      0.00 6.946e-01 2.903e-01 2.337e-03 1.067e-03 6.611e-03 -1.000 1.508e-02 -0.357 0.792 -0.166 -0.519 -0.694 -0.781 -0.098
0.0152 0.01508 10.00000 1.0390734673 2.4807424545    0.956  2.097  3.6333  1.806    7  0.000  0.472     0.00     0.00 -1    -1e-30      0.00 6.946e-01 2.903e-01 2.337e-03 1.067e-03 6.611e-03 -1.000 1.508e-02 -0.473 0.719 -0.258 -0.623 -0.805 -0.895 -0.193
0.0152 0.01508 10.00000 1.0390750170 2.4807426929    0.957  2.136  3.6300  1.754    7  0.000  0.472     0.00     0.00 -1    -1e-30      0.00 6.946e-01 2.903e-01 2.337e-03 1.067e-03 6.611e-03 -1.000 1.508e-02 -0.570 0.657 -0.335 -0.709 -0.896 -0.989 -0.272
0.0152 0.01508 10.00000 1.0390789509 2.4807434082    0.957  2.149  3.6289  1.737    7  0.000  0.472     0.00     0.00 -1    -1e-30      0.00 6.946e-01 2.903e-01 2.337e-03 1.067e-03 6.611e-03 -1.000 1.508e-02 -0.602 0.636 -0.360 -0.738 -0.927 -1.020 -0.298
0.0152 0.01508 10.00000 1.0390828848 2.4807441235    0.957  2.116  3.6318  1.782    7  0.000  0.472     0.00     0.00 -1    -1e-30      0.00 6.946e-01 2.903e-01 2.337e-03 1.067e-03 6.611e-03 -1.000 1.508e-02 -0.519 0.689 -0.295 -0.664 -0.848 -0.939 -0.231
0.0152 0.01508 10.00000 1.0391182899 2.4807510376    0.956  2.089  3.6341  1.817    7  0.000  0.472     0.00     0.00 -1 -2.64e-17      0.00 6.946e-01 2.895e-01 2.337e-03 1.067e-03 6.611e-03 -1.000 1.594e-02 -0.453 0.731 -0.243 -0.605 -0.786 -0.875 -0.177
0.0152 0.01508 10.00000 1.0391775370 2.4807622433    0.955  2.126  3.6308  1.767    7  0.000  0.472     0.00     0.00 -1  -7.6e-10      0.00 6.946e-01 2.890e-01 2.337e-03 1.067e-03 6.611e-03 -1.000 1.643e-02 -0.545 0.673 -0.316 -0.687 -0.873 -0.965 -0.252
0.0152 0.01508 10.00000 1.0392121077 2.4807689190    0.954  2.167  3.6272  1.712    7  0.000  0.472     0.00     0.00 -1 -9.42e-10      0.00 6.946e-01 2.890e-01 2.337e-03 1.067e-03 6.611e-03 -1.000 1.643e-02 -0.647 0.610 -0.393 -0.776 -0.968 -1.064 -0.333
0.0152 0.01508 10.00000 1.0392442942 2.4807751179    0.953  2.207  3.6237  1.657    7  0.000  0.472     0.00     0.00 -1 -1.16e-09      0.00 6.946e-01 2.890e-01 2.337e-03 1.067e-03 6.611e-03 -1.000 1.643e-02 -0.748 0.547 -0.470 -0.864 -1.062 -1.161 -0.413
0.0152 0.01508 10.00000 1.0392729044 2.4807806015    0.952  2.249  3.6201  1.600    7  0.000  0.471     0.00     0.00 -1 -1.43e-09      0.00 6.946e-01 2.890e-01 2.337e-03 1.067e-03 6.611e-03 -1.000 1.643e-02 -0.852 0.480 -0.549 -0.954 -1.159 -1.262 -0.496
0.0152 0.01508 10.00000 1.0392974615 2.4807853699    0.951  2.290  3.6165  1.544    7  0.000  0.471     0.00     0.00 -1 -1.77e-09      0.00 6.946e-01 2.890e-01 2.337e-03 1.067e-03 6.611e-03 -1.000 1.643e-02 -0.955 0.416 -0.625 -1.042 -1.254 -1.361 -0.576
0.0152 0.01508 10.00000 1.0393191576 2.4807894230    0.949  2.331  3.6129  1.488    7  0.000  0.471     0.00     0.00 -1 -2.18e-09      0.00 6.946e-01 2.890e-01 2.337e-03 1.067e-03 6.611e-03 -1.000 1.643e-02 -1.058 0.354 -0.700 -1.130 -1.349 -1.461 -0.656
0.0152 0.01508 10.00000 1.0393383503 2.4807932377    0.948  2.373  3.6092  1.431    7  0.000  0.471     0.00     0.00 -1 -2.69e-09      0.00 6.946e-01 2.890e-01 2.337e-03 1.067e-03 6.611e-03 -1.000 1.643e-02 -1.162 0.301 -0.773 -1.221 -1.448 -1.565 -0.735
0.0152 0.01508 10.00000 1.0393552780 2.4807963371    0.946  2.414  3.6056  1.374    7  0.000  0.471     0.00     0.00 -1 -3.34e-09      0.00 6.946e-01 2.890e-01 2.337e-03 1.067e-03 6.611e-03 -1.000 1.643e-02 -1.266 0.251 -0.842 -1.310 -1.546 -1.668 -0.812
0.0152 0.01508 10.00000 1.0393704176 2.4807991982    0.944  2.456  3.6019  1.317    7  0.000  0.471     0.00     0.00 -1 -4.11e-09      0.00 6.946e-01 2.890e-01 2.337e-03 1.067e-03 6.611e-03 -1.000 1.643e-02 -1.369 0.202 -0.910 -1.398 -1.643 -1.771 -0.887
0.0152 0.01508 10.00000 1.0393841267 2.4808018208    0.942  2.497  3.5982  1.260    7  0.000  0.471     0.00     0.00 -1 -5.02e-09      0.00 6.946e-01 2.890e-01 2.337e-03 1.067e-03 6.611e-03 -1.000 1.643e-02 -1.472 0.158 -0.973 -1.483 -1.740 -1.873 -0.959
0.0152 0.01508 10.00000 1.0393968821 2.4808044434    0.940  2.537  3.5942  1.202    7  0.000  0.471     0.00     0.00 -1 -6.18e-09      0.00 6.946e-01 2.890e-01 2.336e-03 1.068e-03 6.611e-03 -1.000 1.642e-02 -1.574 0.120 -1.027 -1.566 -1.835 -1.975 -1.026
0.0152 0.01508 10.00000 1.0394089222 2.4808065891    0.937  2.578  3.5891  1.140    7  0.000  0.471     0.00     0.00 -1 -7.58e-09      0.00 6.946e-01 2.890e-01 2.334e-03 1.069e-03 6.611e-03 -1.000 1.642e-02 -1.675 0.103 -1.064 -1.642 -1.927 -2.076 -1.081
0.0152 0.01508 10.00000 1.0394204855 2.4808089733    0.934  2.619  3.5816  1.068    7  0.000  0.470     0.00     0.00 -1  -9.2e-09      0.00 6.946e-01 2.890e-01 2.330e-03 1.071e-03 6.612e-03 -1.000 1.639e-02 -1.777 0.133 -1.054 -1.701 -2.016 -2.178 -1.105
0.0152 0.01508 10.00000 1.0394312143 2.4808108807    0.930  2.659  3.5773  1.008    7  0.000  0.469     0.00     0.00 -1 -1.13e-08      0.00 6.946e-01 2.891e-01 2.325e-03 1.078e-03 6.612e-03 -1.000 1.637e-02 -1.879 0.119 -1.077 -1.775 -2.108 -2.279 -1.154
0.0152 0.01508 10.00000 1.0394414663 2.4808130264    0.926  2.700  3.5731  0.948    7  0.000  0.467     0.00     0.00 -1 -1.38e-08      0.00 6.946e-01 2.891e-01 2.317e-03 1.086e-03 6.612e-03 -1.000 1.637e-02 -1.981 0.110 -1.093 -1.848 -2.202 -2.382 -1.201
0.0152 0.01508 10.00000 1.0394508839 2.4808146954    0.921  2.742  3.5687  0.887    7  0.000  0.466     0.00     0.00 -1  -1.7e-08      0.00 6.946e-01 2.891e-01 2.309e-03 1.095e-03 6.612e-03 -1.000 1.637e-02 -2.084 0.111 -1.098 -1.918 -2.295 -2.485 -1.242
0.0152 0.01508 10.00000 1.0394591093 2.4808163643    0.916  2.785  3.5640  0.822    7  0.000  0.464     0.00     0.00 -1 -2.11e-08      0.00 6.946e-01 2.891e-01 2.302e-03 1.104e-03 6.612e-03 -1.000 1.637e-02 -2.193 0.126 -1.081 -1.986 -2.390 -2.594 -1.275
0.0152 0.01508 10.00000 1.0394649506 2.4808173180    0.911  2.828  3.5591  0.758    7  0.000  0.463     0.00     0.00 -1 -2.59e-08      0.00 6.946e-01 2.891e-01 2.296e-03 1.112e-03 6.612e-03 -1.000 1.636e-02 -2.300 0.150 -1.054 -2.049 -2.483 -2.701 -1.302
0.0152 0.01508 10.00000 1.0394688845 2.4808182716    0.907  2.868  3.5545  0.697    7  0.000  0.462     0.00     0.00 -1 -3.13e-08      0.00 6.946e-01 2.891e-01 2.290e-03 1.119e-03 6.612e-03 -1.000 1.636e-02 -2.401 0.196 -1.001 -2.099 -2.564 -2.799 -1.314
0.0152 0.01508 10.00000 1.0394723415 2.4808187485    0.903  2.908  3.5497  0.637    7  0.000  0.461     0.00     0.00 -1 -3.79e-08      0.00 6.946e-01 2.891e-01 2.285e-03 1.124e-03 6.612e-03 -1.000 1.636e-02 -2.501 0.248 -0.941 -2.146 -2.643 -2.895 -1.322
0.0152 0.01508 10.00000 1.0394754410 2.4808194637    0.899  2.948  3.5448  0.575    7  0.000  0.460     0.00     0.00 -1 -4.56e-08      0.00 6.946e-01 2.891e-01 2.281e-03 1.129e-03 6.612e-03 -1.000 1.636e-02 -2.600 0.337 -0.844 -2.175 -2.709 -2.987 -1.310
0.0152 0.01508 10.00000 1.0394783020 2.4808199406    0.894  2.987  3.5400  0.515    7  0.000  0.460     0.00     0.00 -1 -5.47e-08      0.00 6.946e-01 2.891e-01 2.279e-03 1.133e-03 6.612e-03 -1.000 1.636e-02 -2.697 0.425 -0.748 -2.204 -2.774 -3.077 -1.298
0.0152 0.01508 10.00000 1.0394809246 2.4808204174    0.889  3.022  3.5353  0.458    7  0.000  0.459     0.00     0.00 -1 -6.51e-08      0.00 6.946e-01 2.891e-01 2.277e-03 1.135e-03 6.612e-03 -1.000 1.633e-02 -2.786 0.554 -0.618 -2.208 -2.816 -3.152 -1.262
0.0152 0.01508 10.00000 1.0394835472 2.4808208942    0.883  3.058  3.5305  0.400    7  0.000  0.459     0.00     0.00 -1 -7.71e-08      0.00 6.946e-01 2.891e-01 2.277e-03 1.136e-03 6.612e-03 -1.000 1.633e-02 -2.875 0.693 -0.477 -2.207 -2.855 -3.227 -1.221
0.0152 0.01508 10.00000 1.0394862890 2.4808216095    0.875  3.094  3.5254  0.339    7  0.000  0.459     0.00     0.00 -1 -9.26e-08      0.00 6.946e-01 2.891e-01 2.276e-03 1.136e-03 6.612e-03 -1.000 1.633e-02 -2.965 0.889 -0.301 -2.176 -2.866 -3.289 -1.152
0.0152 0.01508 10.00000 1.0394891500 2.4808220863    0.865  3.129  3.5203  0.279    7  0.000  0.459     0.00     0.00 -1 -1.11e-07      0.00 6.946e-01 2.891e-01 2.276e-03 1.136e-03 6.612e-03 -1.000 1.633e-02 -3.052 1.093 -0.116 -2.138 -2.870 -3.346 -1.077
0.0152 0.01508 10.00000 1.0394922495 2.4808225632    0.851  3.162  3.5151  0.218    7  0.000  0.459     0.00     0.00 -1 -1.32e-07      0.00 6.946e-01 2.891e-01 2.276e-03 1.136e-03 6.612e-03 -1.000 1.633e-02 -3.136 1.364 0.125 -2.056 -2.829 -3.374 -0.961
0.0152 0.01508 10.00000 1.0394955873 2.4808232784    0.835  3.207  3.5079  0.137    7  0.000  0.459     0.00     0.00 -1 -1.68e-07      0.00 6.946e-01 2.891e-01 2.276e-03 1.136e-03 6.612e-03 -1.000 1.633e-02 -3.248 1.729 0.447 -1.940 -2.768 -3.407 -0.799
0.0152 0.01508 10.00000 1.0394976139 2.4808237553    0.821  3.300  3.4927 -0.026    7  0.000  0.459     0.00     0.00 -1 -2.57e-07      0.00 6.946e-01 2.891e-01 2.276e-03 1.136e-03 6.612e-03 -1.000 1.633e-02 -3.481 2.406 0.989 -1.683 -2.621 -3.435 -0.480
0.0152 0.01508 10.00000 1.0394980907 2.4808237553    0.814  3.317  3.4896 -0.058    7  0.000  0.459     0.00     0.00 -1 -2.81e-07      0.00 6.946e-01 2.891e-01 2.276e-03 1.136e-03 6.612e-03 -1.000 1.633e-02 -3.522 2.535 1.084 -1.625 -2.586 -3.432 -0.414
0.0152 0.01508 10.00000 1.0394982100 2.4808237553    0.812  3.308  3.4907 -0.045    7  0.000  0.459     0.00     0.00 -1 -2.72e-07      0.00 6.946e-01 2.891e-01 2.276e-03 1.136e-03 6.612e-03 -1.000 1.633e-02 -3.500 2.500 1.062 -1.637 -2.590 -3.426 -0.428
0.0152 0.01508 10.00000 1.0394983292 2.4808237553    0.812  3.297  3.4922 -0.029    7  0.000  0.459     0.00     0.00 -1 -2.61e-07      0.00 6.946e-01 2.891e-01 2.276e-03 1.136e-03 6.612e-03 -1.000 1.633e-02 -3.473 2.443 1.020 -1.659 -2.600 -3.420 -0.454
0.0152 0.01508 10.00000 1.0394984484 2.4808237553    0.810  3.319  3.4888 -0.066    7  0.000  0.459     0.00     0.00 -1 -2.87e-07      0.00 6.946e-01 2.891e-01 2.276e-03 1.136e-03 6.612e-03 -1.000 1.633e-02 -3.528 2.557 1.096 -1.612 -2.578 -3.429 -0.400
0.0152 0.01508 10.00000 1.0394986868 2.4808239937    0.808  3.339  3.4857 -0.099    7  0.000  0.459     0.00     0.00 -1 -3.14e-07      0.00 6.946e-01 2.891e-01 2.276e-03 1.136e-03 6.612e-03 -1.000 1.633e-02 -3.578 2.617 1.117 -1.588 -2.573 -3.442 -0.374
0.0152 0.01508 10.00000 1.0394989252 2.4808239937    0.805  3.362  3.4821 -0.138    7  0.000  0.459     0.00     0.00 -1 -3.47e-07      0.00 6.946e-01 2.891e-01 2.276e-03 1.136e-03 6.612e-03 -1.000 1.633e-02 -3.635 2.687 1.142 -1.558 -2.565 -3.455 -0.342
0.0152 0.01508 10.00000 1.0394990444 2.4808239937    0.801  3.381  3.4791 -0.171    7  0.000  0.459     0.00     0.00 -1 -3.79e-07      0.01 6.946e-01 2.891e-01 2.276e-03 1.136e-03 6.612e-03 -1.000 1.633e-02 -3.682 2.742 1.162 -1.534 -2.560 -3.466 -0.317
0.0152 0.01508 10.00000 1.0394994020 2.4808239937    0.796  3.400  3.4757 -0.206    7  0.524  0.459     0.00     0.00 -1 -4.17e-07      0.01 6.946e-01 2.891e-01 2.276e-03 1.136e-03 6.612e-03 -1.000 1.633e-02 -3.731 2.789 1.181 -1.516 -2.561 -3.481 -0.297
0.0152 0.01508 10.00000 1.0394997597 2.4808239937    0.790  3.420  3.4722 -0.244    7  0.522  0.459     0.00     0.00 -1 -4.58e-07      0.01 6.946e-01 2.891e-01 2.276e-03 1.136e-03 6.612e-03 -1.000 1.633e-02 -3.781 2.841 1.204 -1.494 -2.560 -3.493 -0.274
0.0152 0.01508 10.00000 1.0395001173 2.4808242321    0.783  3.434  3.4697 -0.271    8  0.522  0.480   302.85   128.69  0 -4.97e-07      0.01 6.946e-01 2.904e-01 2.388e-03 1.138e-03 6.627e-03 -1.000 1.503e-02 -3.814 2.880 1.223 -1.475 -2.556 -3.500 -0.254
0.0152 0.01508 10.00000 1.0395001173 2.4808242321    0.782  3.160  3.5084  0.157    8  0.522  0.480   120.31    57.92  0 -1.68e-07      0.00 6.946e-01 2.904e-01 2.388e-03 1.138e-03 6.627e-03 -1.000 1.503e-02 -3.131 1.816 0.539 -1.837 -2.661 -3.295 -0.699
0.0152 0.01508 10.00000 1.0395002365 2.4808242321    0.781  3.030  3.5277  0.364    8  0.522  0.480    76.91    39.32  1 -9.87e-08      0.00 6.946e-01 2.904e-01 2.388e-03 1.138e-03 6.627e-03 -1.000 1.503e-02 -2.804 0.915 -0.265 -2.073 -2.744 -3.142 -1.066
0.0152 0.01508 10.00000 1.0395003557 2.4808242321    0.779  2.870  3.5514  0.617    8  0.522  0.480    44.51    24.48  1 -5.07e-08      0.00 6.946e-01 2.904e-01 2.388e-03 1.138e-03 6.627e-03 -1.000 1.503e-02 -2.404 0.295 -0.903 -2.069 -2.554 -2.800 -1.259
0.0152 0.01508 10.00000 1.0395005941 2.4808242321    0.776  2.897  3.5471  0.571    8  0.522  0.480    49.19    26.64  1 -5.77e-08      0.00 6.946e-01 2.904e-01 2.388e-03 1.138e-03 6.627e-03 -1.000 1.503e-02 -2.472 0.384 -0.806 -2.080 -2.596 -2.862 -1.233
0.0152 0.01508 10.00000 1.0395008326 2.4808242321    0.771  3.025  3.5275  0.362    8  0.522  0.480    77.28    39.29  1 -1.01e-07      0.00 6.946e-01 2.904e-01 2.388e-03 1.138e-03 6.627e-03 -1.000 1.503e-02 -2.794 0.941 -0.241 -2.056 -2.729 -3.130 -1.047
0.0152 0.01508 10.00000 1.0395010710 2.4808242321    0.766  3.184  3.5034  0.104    8  0.523  0.480   134.76    63.35  0 -1.96e-07      0.00 6.946e-01 2.904e-01 2.388e-03 1.138e-03 6.627e-03 -1.000 1.503e-02 -3.190 2.054 0.741 -1.745 -2.603 -3.296 -0.582
0.0152 0.01508 10.00000 1.0395014286 2.4808244705    0.760  3.312  3.4837 -0.106    8  0.523  0.480   212.13    93.47  0 -3.34e-07      0.00 6.946e-01 2.904e-01 2.388e-03 1.138e-03 6.627e-03 -1.000 1.503e-02 -3.510 2.744 1.223 -1.476 -2.472 -3.351 -0.262
0.0152 0.01508 10.00000 1.0395019054 2.4808244705    0.753  3.392  3.4711 -0.241    8  0.523  0.480   283.55   119.64  0  -4.7e-07      0.01 6.946e-01 2.904e-01 2.388e-03 1.138e-03 6.627e-03 -1.000 1.503e-02 -3.710 2.932 1.289 -1.406 -2.477 -3.414 -0.186
0.0152 0.01508 10.00000 1.0395023823 2.4808244705    0.745  3.432  3.4646 -0.311    8  0.523  0.480   330.01   135.78  0 -5.64e-07      0.01 6.946e-01 2.904e-01 2.388e-03 1.138e-03 6.627e-03 -1.000 1.503e-02 -3.809 2.999 1.320 -1.385 -2.494 -3.451 -0.162
0.0152 0.01508 10.00000 1.0395028591 2.4808247089    0.736  3.447  3.4615 -0.344    8  0.524  0.480   354.41   143.64  0 -6.19e-07      0.01 6.946e-01 2.904e-01 2.388e-03 1.138e-03 6.627e-03 -1.000 1.503e-02 -3.847 3.042 1.346 -1.366 -2.494 -3.459 -0.142
0.0152 0.01508 10.00000 1.0395034552 2.4808247089    0.727  3.453  3.4657 -0.339    8  0.524  0.480   351.07   141.57  0 -6.76e-07      0.02 6.946e-01 2.904e-01 2.388e-03 1.138e-03 6.627e-03 -1.000 1.503e-02 -3.864 2.963 1.275 -1.438 -2.547 -3.504 -0.214
0.0152 0.01508 10.00000 1.0395034552 2.4808247089    0.726  3.239  3.4916 -0.022    8  0.524  0.480   176.90    78.27  0 -2.85e-07      0.00 6.946e-01 2.904e-01 2.388e-03 1.138e-03 6.627e-03 -1.000 1.503e-02 -3.328 2.616 1.189 -1.495 -2.441 -3.266 -0.289
0.0152 0.01508 10.00000 1.0395034552 2.4808247089    0.726  3.057  3.5186  0.268    8  0.524  0.480    94.77    45.61  0 -1.38e-07      0.00 6.946e-01 2.904e-01 2.388e-03 1.138e-03 6.627e-03 -1.000 1.503e-02 -2.873 1.385 0.167 -1.906 -2.652 -3.150 -0.834
0.0152 0.01508 10.00000 1.0395035744 2.4808247089    0.724  2.897  3.5424  0.523    8  0.524  0.480    54.67    28.32  1 -7.09e-08      0.00 6.946e-01 2.904e-01 2.388e-03 1.138e-03 6.627e-03 -1.000 1.503e-02 -2.472 0.562 -0.619 -2.013 -2.565 -2.856 -1.127
0.0152 0.01508 10.00000 1.0395036936 2.4808249474    0.723  2.924  3.5382  0.478    8  0.524  0.480    60.17    30.73  1 -7.99e-08      0.00 6.946e-01 2.904e-01 2.388e-03 1.138e-03 6.627e-03 -1.000 1.503e-02 -2.539 0.671 -0.504 -2.013 -2.598 -2.913 -1.091
0.0152 0.01508 10.00000 1.0395036936 2.4808249474    0.720  3.050  3.5188  0.273    8  0.524  0.480    93.77    45.03  0 -1.36e-07      0.00 6.946e-01 2.904e-01 2.388e-03 1.138e-03 6.627e-03 -1.000 1.503e-02 -2.855 1.385 0.169 -1.896 -2.640 -3.134 -0.826
0.0152 0.01508 10.00000 1.0395039320 2.4808249474    0.718  3.206  3.4947  0.018    8  0.525  0.480   162.31    72.22  0 -2.58e-07      0.00 6.946e-01 2.904e-01 2.388e-03 1.138e-03 6.627e-03 -1.000 1.503e-02 -3.245 2.514 1.121 -1.517 -2.439 -3.231 -0.321
0.0152 0.01508 10.00000 1.0395040512 2.4808249474    0.714  3.332  3.4748 -0.190    8  0.525  0.480   254.32   106.22  0  -4.3e-07      0.01 6.946e-01 2.904e-01 2.388e-03 1.138e-03 6.627e-03 -1.000 1.503e-02 -3.561 2.968 1.358 -1.334 -2.383 -3.305 -0.116
0.0152 0.01508 10.00000 1.0395041704 2.4808249474    0.711  3.411  3.4618 -0.322    8  0.525  0.480   338.88   135.76  0 -5.91e-07      0.01 6.946e-01 2.904e-01 2.388e-03 1.138e-03 6.627e-03 -1.000 1.503e-02 -3.758 3.105 1.416 -1.292 -2.414 -3.378 -0.068
0.0152 0.01508 10.00000 1.0395044088 2.4808249474    0.706  3.450  3.4550 -0.391    8  0.525  0.480   393.08   153.84  0 -6.95e-07      0.02 6.946e-01 2.904e-01 2.388e-03 1.138e-03 6.627e-03 -1.000 1.503e-02 -3.855 3.181 1.477 -1.275 -2.438 -3.419 -0.045
0.0152 0.01508 10.00000 1.0395046473 2.4808249474    0.702  3.465  3.4518 -0.422    8  0.525  0.480   420.09   162.34  0 -7.49e-07      0.02 6.946e-01 2.904e-01 2.388e-03 1.138e-03 6.627e-03 -1.000 1.503e-02 -3.893 3.223 1.517 -1.261 -2.443 -3.432 -0.027
0.0152 0.01508 10.00000 1.0395048857 2.4808249474    0.696  3.471  3.4730 -0.346    8  0.525  0.480   357.47   140.60  0 -8.62e-07      0.02 6.946e-01 2.904e-01 2.388e-03 1.138e-03 6.627e-03 -1.000 1.503e-02 -3.908 2.820 1.148 -1.579 -2.656 -3.599 -0.353
0.0152 0.01508 10.00000 1.0395048857 2.4808249474    0.696  3.260  3.4839 -0.092    8  0.525  0.480   206.47    87.46  0 -3.49e-07      0.00 6.946e-01 2.904e-01 2.388e-03 1.138e-03 6.627e-03 -1.000 1.503e-02 -3.381 2.858 1.341 -1.355 -2.349 -3.227 -0.142
0.0152 0.01508 10.00000 1.0395048857 2.4808249474    0.695  3.079  3.5130  0.205    8  0.525  0.480   108.81    50.23  0 -1.71e-07      0.00 6.946e-01 2.904e-01 2.388e-03 1.138e-03 6.627e-03 -1.000 1.503e-02 -2.928 1.715 0.465 -1.781 -2.569 -3.143 -0.670
0.0152 0.01508 10.00000 1.0395050049 2.4808251858    0.694  2.919  3.5389  0.468    8  0.525  0.480    61.72    30.73  1 -8.92e-08      0.00 6.946e-01 2.904e-01 2.388e-03 1.138e-03 6.627e-03 -1.000 1.503e-02 -2.528 0.651 -0.526 -2.015 -2.595 -2.904 -1.099
0.0152 0.01508 10.00000 1.0395051241 2.4808251858    0.692  2.946  3.5349  0.424    8  0.526  0.480    67.95    33.33  1 -1.01e-07      0.00 6.946e-01 2.904e-01 2.388e-03 1.138e-03 6.627e-03 -1.000 1.503e-02 -2.594 0.775 -0.400 -2.007 -2.620 -2.959 -1.056
0.0152 0.01508 10.00000 1.0395052433 2.4808251858    0.689  3.072  3.5147  0.215    8  0.526  0.480   106.62    49.08  0 -1.71e-07      0.00 6.946e-01 2.904e-01 2.388e-03 1.138e-03 6.627e-03 -1.000 1.503e-02 -2.909 1.623 0.382 -1.815 -2.591 -3.142 -0.715
0.0152 0.01508 10.00000 1.0395053625 2.4808251858    0.685  3.227  3.4895 -0.043    8  0.526  0.480   186.07    79.19  0 -3.22e-07      0.00 6.946e-01 2.904e-01 2.388e-03 1.138e-03 6.627e-03 -1.000 1.503e-02 -3.297 2.755 1.305 -1.401 -2.362 -3.207 -0.190
0.0152 0.01508 10.00000 1.0395054817 2.4808251858    0.681  3.353  3.4690 -0.253    8  0.526  0.480   293.20   116.89  0 -5.34e-07      0.01 6.946e-01 2.904e-01 2.388e-03 1.138e-03 6.627e-03 -1.000 1.503e-02 -3.612 3.085 1.428 -1.267 -2.350 -3.294 -0.047
0.0152 0.01508 10.00000 1.0395057201 2.4808251858    0.677  3.431  3.4561 -0.387    8  0.526  0.480   391.23   149.33  0 -7.35e-07      0.02 6.946e-01 2.904e-01 2.388e-03 1.138e-03 6.627e-03 -1.000 1.503e-02 -3.808 3.212 1.505 -1.240 -2.398 -3.378 -0.011
0.0152 0.01508 10.00000 1.0395059586 2.4808251858    0.671  3.470  3.4499 -0.454    8  0.526  0.480   452.64   168.52  0 -8.73e-07      0.02 6.946e-01 2.904e-01 2.388e-03 1.138e-03 6.627e-03 -1.000 1.503e-02 -3.906 3.282 1.567 -1.231 -2.428 -3.423 0.006
0.0152 0.01508 10.00000 1.0395061970 2.4808254242    0.666  3.486  3.4478 -0.481    8  0.526  0.480   481.09   176.58  0 -9.52e-07      0.03 6.946e-01 2.904e-01 2.388e-03 1.138e-03 6.627e-03 -1.000 1.503e-02 -3.944 3.308 1.593 -1.233 -2.444 -3.445 0.009
0.0152 0.01508 10.00000 1.0395064354 2.4808254242    0.659  3.492  3.4818 -0.356    8  0.527  0.480   368.01   139.10  0 -1.16e-06      0.04 6.946e-01 2.904e-01 2.388e-03 1.138e-03 6.627e-03 -1.000 1.503e-02 -3.961 2.635 1.002 -1.765 -2.805 -3.721 -0.534
0.0152 0.01508 10.00000 1.0395064354 2.4808254242    0.659  3.286  3.4833 -0.144    8  0.527  0.480   232.75    93.57  0 -4.64e-07      0.01 6.946e-01 2.904e-01 2.388e-03 1.138e-03 6.627e-03 -1.000 1.503e-02 -3.445 2.861 1.323 -1.386 -2.388 -3.273 -0.169
0.0152 0.01508 10.00000 1.0395064354 2.4808254242    0.658  3.105  3.5149  0.162    8  0.527  0.480   120.36    52.84  0  -2.3e-07      0.00 6.946e-01 2.904e-01 2.388e-03 1.138e-03 6.627e-03 -1.000 1.503e-02 -2.994 1.544 0.295 -1.904 -2.680 -3.228 -0.803
0.0152 0.01508 10.00000 1.0395065546 2.4808254242    0.656  2.945  3.5434  0.435    8  0.527  0.480    66.88    31.72  1 -1.21e-07      0.00 6.946e-01 2.904e-01 2.388e-03 1.138e-03 6.627e-03 -1.000 1.503e-02 -2.594 0.420 -0.777 -2.150 -2.695 -2.978 -1.270
0.0152 0.01508 10.00000 1.0395066738 2.4808254242    0.653  2.972  3.5396  0.391    8  0.527  0.480    73.59    34.34  0 -1.38e-07      0.00 6.946e-01 2.904e-01 2.388e-03 1.138e-03 6.627e-03 -1.000 1.503e-02 -2.661 0.507 -0.682 -2.161 -2.736 -3.039 -1.248
0.0152 0.01508 10.00000 1.0395067930 2.4808254242    0.649  3.098  3.5186  0.179    8  0.527  0.480   116.36    50.81  0 -2.34e-07      0.00 6.946e-01 2.904e-01 2.388e-03 1.138e-03 6.627e-03 -1.000 1.503e-02 -2.974 1.316 0.085 -2.003 -2.751 -3.248 -0.927
0.0152 0.01508 10.00000 1.0395069122 2.4808254242    0.645  3.252  3.4923 -0.083    8  0.527  0.480   205.19    82.50  0  -4.4e-07      0.01 6.946e-01 2.904e-01 2.388e-03 1.138e-03 6.627e-03 -1.000 1.503e-02 -3.359 2.606 1.168 -1.526 -2.474 -3.297 -0.319
0.0152 0.01508 10.00000 1.0395071507 2.4808254242    0.640  3.377  3.4711 -0.296    8  0.527  0.480   325.81   122.21  0 -7.31e-07      0.02 6.946e-01 2.904e-01 2.388e-03 1.138e-03 6.627e-03 -1.000 1.503e-02 -3.672 3.043 1.377 -1.333 -2.413 -3.357 -0.109
0.0152 0.01508 10.00000 1.0395072699 2.4808254242    0.634  3.455  3.4585 -0.430    8  0.528  0.480   435.53   155.75  0 -1.02e-06      0.03 6.946e-01 2.904e-01 2.388e-03 1.138e-03 6.627e-03 -1.000 1.503e-02 -3.869 3.199 1.459 -1.287 -2.445 -3.427 -0.055
0.0152 0.01508 10.00000 1.0395075083 2.4808256626    0.627  3.495  3.4535 -0.493    8  0.528  0.480   501.48   174.18  0 -1.23e-06      0.04 6.946e-01 2.904e-01 2.388e-03 1.138e-03 6.627e-03 -1.000 1.503e-02 -3.966 3.255 1.501 -1.291 -2.482 -3.478 -0.050
0.0152 0.01508 10.00000 1.0395078659 2.4808256626    0.620  3.511  3.4535 -0.515    8  0.528  0.480   527.31   179.72  0 -1.37e-06      0.05 6.946e-01 2.904e-01 2.388e-03 1.138e-03 6.627e-03 -1.000 1.503e-02 -4.007 3.246 1.481 -1.318 -2.513 -3.511 -0.076
0.0152 0.01508 10.00000 1.0395081043 2.4808256626    0.612  3.518  3.5011 -0.337    8  0.528  0.480   361.49   127.81  0 -1.76e-06      0.08 6.946e-01 2.904e-01 2.388e-03 1.138e-03 6.627e-03 -1.000 1.503e-02 -4.025 1.846 0.381 -2.326 -3.252 -4.011 -1.115
0.0152 0.01508 10.00000 1.0395081043 2.4808256626    0.611  3.316  3.4959 -0.157    8  0.528  0.480   245.11    91.25  0 -7.04e-07      0.02 6.946e-01 2.904e-01 2.388e-03 1.138e-03 6.627e-03 -1.000 1.503e-02 -3.521 2.346 0.917 -1.766 -2.698 -3.492 -0.562
0.0152 0.01508 10.00000 1.0395081043 2.4808256626    0.610  3.137  3.5322  0.167    8  0.528  0.480   122.01    49.79  0 -3.52e-07      0.01 6.946e-01 2.904e-01 2.388e-03 1.138e-03 6.627e-03 -1.000 1.503e-02 -3.072 0.481 -0.730 -2.432 -3.072 -3.426 -1.453
0.0152 0.01508 10.00000 1.0395082235 2.4808256626    0.607  2.977  3.5658  0.460    8  0.528  0.480    65.02    28.76  1 -1.84e-07      0.00 6.946e-01 2.904e-01 2.388e-03 1.138e-03 6.627e-03 -1.000 1.503e-02 -2.672 -0.353 -1.622 -2.486 -2.877 -3.073 -1.787
0.0152 0.01508 10.00000 1.0395083427 2.4808256626    0.604  3.004  3.5634  0.421    8  0.528  0.480    70.91    30.78  0 -2.11e-07      0.00 6.946e-01 2.904e-01 2.388e-03 1.138e-03 6.627e-03 -1.000 1.503e-02 -2.739 -0.353 -1.625 -2.532 -2.937 -3.140 -1.815
0.0152 0.01508 10.00000 1.0395084620 2.4808256626    0.600  3.128  3.5421  0.208    8  0.529  0.480   112.68    45.51  0 -3.64e-07      0.01 6.946e-01 2.904e-01 2.388e-03 1.138e-03 6.627e-03 -1.000 1.503e-02 -3.050 0.068 -1.165 -2.584 -3.143 -3.431 -1.688
0.0152 0.01508 10.00000 1.0395085812 2.4808256626    0.595  3.281  3.5152 -0.056    8  0.529  0.480   200.35    73.92  0 -6.96e-07      0.02 6.946e-01 2.904e-01 2.388e-03 1.138e-03 6.627e-03 -1.000 1.503e-02 -3.433 1.194 -0.096 -2.326 -3.112 -3.656 -1.219
0.0152 0.01508 10.00000 1.0395088196 2.4808259010    0.588  3.405  3.4946 -0.267    8  0.529  0.480   318.30   108.54  0 -1.18e-06      0.04 6.946e-01 2.904e-01 2.388e-03 1.138e-03 6.627e-03 -1.000 1.503e-02 -3.744 2.337 0.854 -1.892 -2.848 -3.668 -0.674
0.0152 0.01508 10.00000 1.0395090580 2.4808259010    0.581  3.484  3.4844 -0.392    8  0.529  0.480   420.21   135.16  0 -1.67e-06      0.07 6.946e-01 2.904e-01 2.388e-03 1.138e-03 6.627e-03 -1.000 1.503e-02 -3.939 2.712 1.061 -1.744 -2.783 -3.695 -0.504
0.0152 0.01508 10.00000 1.0395092964 2.4808259010    0.574  3.523  3.4839 -0.439    8  0.529  0.480   471.44   145.27  0 -2.08e-06      0.10 6.946e-01 2.904e-01 2.388e-03 1.138e-03 6.627e-03 -1.000 1.503e-02 -4.037 2.713 1.027 -1.792 -2.842 -3.764 -0.547
0.0152 0.01508 10.00000 1.0395095348 2.4808259010    0.565  3.539  3.4903 -0.436    8  0.530  0.480   477.89   141.63  0  -2.4e-06      0.13 6.946e-01 2.904e-01 2.388e-03 1.138e-03 6.627e-03 -1.000 1.503e-02 -4.079 2.565 0.922 -1.942 -2.963 -3.856 -0.690
0.0152 0.01508 10.00000 1.0395098925 2.4808261395    0.556  3.548  3.5386 -0.258    8  0.530  0.480   335.06    98.85  0 -2.97e-06      0.26 6.946e-01 2.904e-01 2.388e-03 1.138e-03 6.627e-03 -1.000 1.503e-02 -4.099 0.026 -1.508 -3.186 -3.858 -4.232 -2.180
0.0152 0.01508 10.00000 1.0395104885 2.4808261395    0.530 -9.999  4.0000  1.855    9  0.530  0.000     0.00     0.00 -1    -1e-30      0.00 6.946e-01 2.904e-01 2.388e-03 1.138e-03 6.627e-03 -1.000 1.503e-02 29.767 29.897 30.135 30.370 30.483 30.560 30.119
#isochrone terminated
