# File generated by CMD 3.3 (http://stev.oapd.inaf.it/cmd) on Wed Mar 18 00:41:49 CET 2020
# isochrones based on PARSEC release v1.2S +  COLIBRI S_35
# Basic references: Bressan et al. (2012), MNRAS, 427, 127 + Chen et al. (2014, 2015), MNRAS, 444, 2525 + MNRAS, 452, 1068 + Tang et al. (2014), MNRAS, 445, 4287 + Marigo et al. (2017), ApJ, 835, 77 + Pastorelli al. (2019), MNRAS in press
# Thermal pulse cycles included 
# On RGB, assumed Reimers mass loss with efficiency eta=0.2
# Photometric system: Pan-STARRS1
# Using YBC version of bolometric corrections as in Chen et al. (2019)
# O-rich circumstellar dpmod60alox40 dust from Groenewegen (2006)
# C-rich circumstellar AMCSIC15 dust from Groenewegen (2006)
# IMF: Kroupa (2001, 2002) + Kroupa et al. (2013) canonical two-part-power law IMF corrected for unresolved binaries 
# Kind of output: isochrone tables
# Zini     MH   logAge Mini        int_IMF         Mass   logL    logTe  logg  label   McoreTP C_O  period0 period1 pmode  Mloss  tau1m   X   Y   Xc  Xn  Xo  Cexcess  Z 	 mbolmag  gP1mag  rP1mag  iP1mag  zP1mag  yP1mag  wP1mag
0.0152 0.01508 9.83251 0.0900000036 1.0816895962    0.090 -3.424  3.3624  5.217    1  0.000  0.545     0.00     0.00 -1  -3.9e-17      0.00 7.084e-01 2.763e-01 2.746e-03 7.408e-04 6.719e-03 -1.000 1.527e-02 13.329 18.781 17.341 14.778 13.545 12.884 15.967
0.0152 0.01508 9.83251 0.1000000015 1.1711064577    0.100 -3.241  3.3882  5.184    1  0.000  0.545     0.00     0.00 -1 -5.84e-17      0.00 7.082e-01 2.766e-01 2.746e-03 7.408e-04 6.719e-03 -1.000 1.527e-02 12.873 18.305 16.874 14.320 13.090 12.429 15.507
0.0152 0.01508 9.83251 0.1200000122 1.3193155527    0.120 -2.976  3.4230  5.138    1  0.000  0.545     0.00     0.00 -1 -1.03e-16      0.00 7.075e-01 2.772e-01 2.746e-03 7.408e-04 6.719e-03 -1.000 1.527e-02 12.211 17.417 16.018 13.552 12.380 11.750 14.719
0.0152 0.01508 9.83251 0.1246625409 1.3492907286    0.125 -2.931  3.4280  5.129    1  0.000  0.545     0.00     0.00 -1 -1.14e-16      0.00 7.074e-01 2.773e-01 2.746e-03 7.408e-04 6.719e-03 -1.000 1.527e-02 12.097 17.120 15.739 13.344 12.223 11.620 14.497
0.0152 0.01508 9.83251 0.1400000006 1.4384527206    0.140 -2.793  3.4433  5.102    1  0.000  0.545     0.00     0.00 -1 -1.52e-16      0.00 7.070e-01 2.777e-01 2.746e-03 7.408e-04 6.719e-03 -1.000 1.527e-02 11.752 16.282 14.959 12.755 11.760 11.231 13.864
0.0152 0.01508 9.83251 0.1599999964 1.5372931957    0.160 -2.652  3.4569  5.073    1  0.000  0.545     0.00     0.00 -1 -2.04e-16      0.00 7.066e-01 2.782e-01 2.746e-03 7.408e-04 6.719e-03 -1.000 1.527e-02 11.399 15.512 14.220 12.206 11.315 10.847 13.271
0.0152 0.01508 9.83251 0.1981268525 1.6874854565    0.198 -2.443  3.4748  5.029    1  0.000  0.545     0.00     0.00 -1 -3.11e-16      0.00 7.058e-01 2.790e-01 2.746e-03 7.408e-04 6.719e-03 -1.000 1.527e-02 10.878 14.496 13.236 11.468 10.694 10.296 12.471
0.0152 0.01508 9.83251 0.2000000030 1.6938791275    0.200 -2.434  3.4756  5.027    1  0.000  0.545     0.00     0.00 -1 -3.17e-16      0.00 7.057e-01 2.790e-01 2.746e-03 7.408e-04 6.719e-03 -1.000 1.527e-02 10.855 14.452 13.194 11.437 10.667 10.272 12.436
0.0152 0.01508 9.83251 0.2500000000 1.8403258324    0.250 -2.225  3.4920  4.981    1  0.000  0.545     0.00     0.00 -1 -4.84e-16      0.00 7.050e-01 2.797e-01 2.746e-03 7.408e-04 6.719e-03 -1.000 1.527e-02 10.332 13.530 12.279 10.748 10.074 9.734 11.684
0.0152 0.01508 9.83251 0.3000000119 1.9529139996    0.300 -2.061  3.5027  4.939    1  0.000  0.545     0.00     0.00 -1 -3.11e-16      0.00 7.047e-01 2.800e-01 2.746e-03 7.408e-04 6.719e-03 -1.000 1.527e-02 9.923 12.901 11.672 10.256 9.631 9.319 11.156
0.0152 0.01508 9.83251 0.3483762443 2.0407481194    0.348 -1.914  3.5110  4.890    1  0.000  0.545     0.00     0.00 -1 -6.08e-16      0.00 7.089e-01 2.759e-01 2.746e-03 7.408e-04 6.719e-03 -1.000 1.527e-02 9.555 12.375 11.164 9.830 9.241 8.949 10.703
0.0152 0.01508 9.83251 0.3500000238 2.0434176922    0.350 -1.910  3.5113  4.889    1  0.000  0.545     0.00     0.00 -1 -6.25e-16      0.00 7.090e-01 2.758e-01 2.746e-03 7.408e-04 6.719e-03 -1.000 1.527e-02 9.544 12.358 11.149 9.817 9.228 8.937 10.689
0.0152 0.01508 9.83251 0.4000000358 2.1185026169    0.400 -1.766  3.5224  4.847    1  0.000  0.545     0.00     0.00 -1 -1.28e-15      0.00 7.091e-01 2.756e-01 2.746e-03 7.408e-04 6.719e-03 -1.000 1.527e-02 9.184 11.810 10.618 9.388 8.844 8.577 10.224
0.0152 0.01508 9.83251 0.4500000477 2.1822810173    0.450 -1.616  3.5346  4.798    1  0.000  0.545     0.00     0.00 -1 -1.81e-15      0.00 7.092e-01 2.755e-01 2.746e-03 7.408e-04 6.719e-03 -1.000 1.527e-02 8.810 11.252 10.081 8.951 8.451 8.207 9.749
0.0152 0.01508 9.83251 0.5000000000 2.2374541759    0.500 -1.459  3.5497  4.747    1  0.000  0.545     0.00     0.00 -1 -2.61e-15      0.00 7.092e-01 2.755e-01 2.746e-03 7.408e-04 6.719e-03 -1.000 1.527e-02 8.418 10.658 9.505 8.489 8.040 7.824 9.242
0.0152 0.01508 9.83251 0.5129823089 2.2504487038    0.513 -1.413  3.5549  4.733    1  0.000  0.545     0.00     0.00 -1 -2.91e-15      0.00 7.132e-01 2.717e-01 2.710e-03 7.313e-04 6.633e-03 -1.000 1.507e-02 8.303 10.477 9.326 8.352 7.921 7.713 9.088
0.0152 0.01508 9.83251 0.5500000119 2.2836582661    0.550 -1.288  3.5693  4.695    1  0.000  0.545     0.00     0.00 -1 -3.92e-15      0.00 7.249e-01 2.606e-01 2.607e-03 7.034e-04 6.381e-03 -1.000 1.450e-02 7.989 9.986 8.838 7.978 7.599 7.414 8.667
0.0152 0.01508 9.83251 0.6000000238 2.3211214542    0.600 -1.118  3.5936  4.660    1  0.000  0.545     0.00     0.00 -1 -5.78e-15      0.00 7.273e-01 2.583e-01 2.587e-03 6.982e-04 6.334e-03 -1.000 1.440e-02 7.565 9.293 8.156 7.472 7.174 7.021 8.082
0.0152 0.01508 9.83251 0.6499999762 2.3520355225    0.650 -0.946  3.6230  4.640    1  0.000  0.544     0.00     0.00 -1 -8.44e-15      0.00 7.294e-01 2.563e-01 2.569e-03 6.934e-04 6.291e-03 -1.000 1.432e-02 7.134 8.558 7.480 6.967 6.749 6.627 7.487
0.0152 0.01508 9.83251 0.7000000477 2.3779268265    0.700 -0.779  3.6530  4.626    1  0.000  0.544     0.00     0.00 -1 -1.21e-14      0.00 7.315e-01 2.543e-01 2.552e-03 6.889e-04 6.251e-03 -1.000 1.420e-02 6.717 7.799 6.844 6.489 6.343 6.250 6.911
0.0152 0.01508 9.83251 0.7001883984 2.3780164719    0.700 -0.778  3.6531  4.626    1  0.000  0.544     0.00     0.00 -1 -1.22e-14      0.00 7.315e-01 2.543e-01 2.552e-03 6.889e-04 6.251e-03 -1.000 1.420e-02 6.716 7.796 6.841 6.487 6.342 6.249 6.909
0.0152 0.01508 9.83251 0.7331086993 2.3928544521    0.733 -0.671  3.6726  4.617    1  0.000  0.539     0.00     0.00 -1 -1.54e-14      0.00 7.330e-01 2.528e-01 2.517e-03 6.851e-04 6.223e-03 -1.000 1.415e-02 6.448 7.316 6.474 6.189 6.076 6.003 6.556
0.0152 0.01508 9.83251 0.7500000000 2.3998889923    0.750 -0.617  3.6822  4.611    1  0.000  0.537     0.00     0.00 -1 -1.73e-14      0.00 7.338e-01 2.522e-01 2.500e-03 6.831e-04 6.208e-03 -1.000 1.406e-02 6.313 7.087 6.302 6.043 5.943 5.879 6.386
0.0152 0.01508 9.83251 0.7622599602 2.4047708511    0.762 -0.580  3.6878  4.603    1  0.000  0.537     0.00     0.00 -1 -1.89e-14      0.00 7.345e-01 2.514e-01 2.493e-03 6.814e-04 6.193e-03 -1.000 1.404e-02 6.220 6.945 6.190 5.945 5.852 5.794 6.275
0.0152 0.01508 9.83251 0.7929498553 2.4162337780    0.793 -0.488  3.7015  4.583    1  0.000  0.537     0.00     0.00 -1 -2.34e-14      0.00 7.365e-01 2.495e-01 2.478e-03 6.771e-04 6.154e-03 -1.000 1.397e-02 5.989 6.601 5.921 5.706 5.630 5.584 6.006
0.0152 0.01508 9.83251 0.8000000119 2.4187245369    0.800 -0.467  3.7046  4.578    1  0.000  0.537     0.00     0.00 -1 -2.46e-14      0.00 7.370e-01 2.491e-01 2.474e-03 6.761e-04 6.146e-03 -1.000 1.394e-02 5.936 6.526 5.861 5.652 5.580 5.536 5.946
0.0152 0.01508 9.83251 0.8069779277 2.4211406708    0.807 -0.446  3.7075  4.572    1  0.000  0.537     0.00     0.00 -1 -2.59e-14      0.00 7.375e-01 2.486e-01 2.470e-03 6.750e-04 6.135e-03 -1.000 1.392e-02 5.884 6.453 5.802 5.599 5.530 5.489 5.887
0.0152 0.01508 9.83251 0.8337677121 2.4299860001    0.833 -0.366  3.7187  4.551    1  0.000  0.537     0.00     0.00 -1 -3.13e-14      0.00 7.395e-01 2.467e-01 2.453e-03 6.706e-04 6.096e-03 -1.000 1.385e-02 5.685 6.178 5.581 5.399 5.342 5.310 5.664
0.0152 0.01508 9.83251 0.8500000238 2.4350347519    0.849 -0.318  3.7252  4.538    1  0.000  0.536     0.00     0.00 -1 -3.52e-14      0.00 7.407e-01 2.455e-01 2.443e-03 6.679e-04 6.072e-03 -1.000 1.383e-02 5.565 6.021 5.451 5.280 5.229 5.202 5.533
0.0152 0.01508 9.83251 0.8525171280 2.4357979298    0.852 -0.310  3.7262  4.535    1  0.000  0.536     0.00     0.00 -1 -3.59e-14      0.00 7.409e-01 2.453e-01 2.441e-03 6.674e-04 6.067e-03 -1.000 1.383e-02 5.546 5.997 5.431 5.261 5.212 5.185 5.513
0.0152 0.01508 9.83251 0.8770937920 2.4429850578    0.876 -0.237  3.7353  4.511    1  0.000  0.536     0.00     0.00 -1  -4.3e-14      0.00 7.432e-01 2.431e-01 2.422e-03 6.623e-04 6.022e-03 -1.000 1.368e-02 5.363 5.764 5.237 5.082 5.042 5.022 5.317
0.0152 0.01508 9.83251 0.8993561864 2.4491069317    0.898 -0.171  3.7432  4.488    1  0.000  0.536     0.00     0.00 -1 -5.07e-14      0.00 7.453e-01 2.411e-01 2.405e-03 6.577e-04 5.980e-03 -1.000 1.357e-02 5.198 5.557 5.065 4.923 4.892 4.877 5.142
0.0152 0.01508 9.83251 0.9000000358 2.4492788315    0.899 -0.169  3.7434  4.487    1  0.000  0.536     0.00     0.00 -1  -5.1e-14      0.00 7.454e-01 2.411e-01 2.405e-03 6.575e-04 5.979e-03 -1.000 1.356e-02 5.194 5.551 5.060 4.919 4.887 4.872 5.137
0.0152 0.01508 9.83251 0.9128443003 2.4526493549    0.912 -0.131  3.7476  4.471    1  0.000  0.536     0.00     0.00 -1 -5.64e-14      0.00 7.468e-01 2.396e-01 2.392e-03 6.542e-04 5.950e-03 -1.000 1.353e-02 5.097 5.434 4.962 4.827 4.800 4.787 5.038
0.0152 0.01508 9.83251 0.9265148044 2.4561188221    0.926 -0.090  3.7519  4.454    1  0.000  0.536     0.00     0.00 -1 -6.28e-14      0.00 7.485e-01 2.380e-01 2.379e-03 6.506e-04 5.918e-03 -1.000 1.348e-02 4.995 5.311 4.858 4.730 4.707 4.697 4.932
0.0152 0.01508 9.83251 0.9391075373 2.4592125416    0.938 -0.052  3.7557  4.437    1  0.000  0.536     0.00     0.00 -1 -6.94e-14      0.00 7.500e-01 2.366e-01 2.366e-03 6.472e-04 5.887e-03 -1.000 1.340e-02 4.900 5.200 4.762 4.640 4.621 4.612 4.835
0.0152 0.01508 9.83251 0.9500000477 2.4618122578    0.949 -0.019  3.7588  4.422    1  0.000  0.536     0.00     0.00 -1 -7.57e-14      0.00 7.514e-01 2.353e-01 2.355e-03 6.443e-04 5.860e-03 -1.000 1.331e-02 4.817 5.104 4.679 4.562 4.546 4.539 4.751
0.0152 0.01508 9.83251 0.9512580633 2.4621081352    0.950 -0.015  3.7591  4.420    1  0.000  0.536     0.00     0.00 -1 -7.65e-14      0.00 7.516e-01 2.351e-01 2.354e-03 6.438e-04 5.856e-03 -1.000 1.329e-02 4.808 5.093 4.670 4.553 4.537 4.530 4.742
0.0152 0.01508 9.83251 0.9730705619 2.4670984745    0.972  0.052  3.7647  4.385    1  0.000  0.536     0.00     0.00 -1  -9.2e-14      0.00 7.551e-01 2.317e-01 2.325e-03 6.361e-04 5.787e-03 -1.000 1.318e-02 4.640 4.902 4.502 4.394 4.384 4.380 4.572
0.0152 0.01508 9.83251 0.9837251902 2.4694437981    0.983  0.085  3.7672  4.366    1  0.000  0.536     0.00     0.00 -1 -1.01e-13      0.00 7.568e-01 2.301e-01 2.310e-03 6.322e-04 5.752e-03 -1.000 1.308e-02 4.557 4.809 4.419 4.316 4.308 4.305 4.488
0.0152 0.01508 9.83251 1.0000000000 2.4729156494    1.000  0.136  3.7707  4.337    1  0.000  0.535     0.00     0.00 -1 -1.16e-13      0.00 7.596e-01 2.274e-01 2.288e-03 6.262e-04 5.698e-03 -1.000 1.296e-02 4.430 4.669 4.293 4.195 4.191 4.190 4.361
0.0152 0.01508 9.83251 1.0017263889 2.4732761383    1.001  0.141  3.7711  4.333    1  0.000  0.535     0.00     0.00 -1 -1.18e-13      0.00 7.600e-01 2.271e-01 2.285e-03 6.253e-04 5.690e-03 -1.000 1.294e-02 4.416 4.654 4.279 4.183 4.179 4.178 4.347
0.0152 0.01508 9.83251 1.0123996735 2.4754745960    1.012  0.174  3.7728  4.312    1  0.000  0.535     0.00     0.00 -1 -1.27e-13      0.00 7.623e-01 2.248e-01 2.265e-03 6.201e-04 5.644e-03 -1.000 1.285e-02 4.335 4.565 4.198 4.105 4.102 4.102 4.266
0.0152 0.01508 9.83251 1.0222326517 2.4774534702    1.021  0.204  3.7741  4.292    1  0.000  0.535     0.00     0.00 -1 -1.37e-13      0.00 7.644e-01 2.228e-01 2.249e-03 6.157e-04 5.604e-03 -1.000 1.276e-02 4.260 4.486 4.124 4.033 4.032 4.032 4.191
0.0152 0.01508 9.83251 1.0379278660 2.4805226326    1.037  0.254  3.7760  4.256    1  0.000  0.535     0.00     0.00 -1 -1.55e-13      0.00 7.670e-01 2.203e-01 2.228e-03 6.100e-04 5.553e-03 -1.000 1.266e-02 4.135 4.353 4.000 3.912 3.913 3.914 4.066
0.0152 0.01508 9.83251 1.0499999523 2.4828116894    1.049  0.294  3.7774  4.226    1  0.000  0.535     0.00     0.00 -1 -1.73e-13      0.00 7.675e-01 2.199e-01 2.225e-03 6.091e-04 5.546e-03 -1.000 1.264e-02 4.034 4.246 3.899 3.813 3.816 3.817 3.964
0.0152 0.01508 9.83251 1.0505163670 2.4829082489    1.049  0.296  3.7774  4.224    1  0.000  0.535     0.00     0.00 -1 -1.74e-13      0.00 7.675e-01 2.199e-01 2.225e-03 6.091e-04 5.545e-03 -1.000 1.264e-02 4.029 4.241 3.894 3.809 3.811 3.813 3.960
0.0152 0.01508 9.83251 1.0608944893 2.4848260880    1.060  0.333  3.7781  4.194    1  0.000  0.535     0.00     0.00 -1 -1.91e-13      0.00 7.680e-01 2.194e-01 2.222e-03 6.085e-04 5.540e-03 -1.000 1.261e-02 3.937 4.146 3.802 3.718 3.721 3.723 3.867
0.0152 0.01508 9.83251 1.0709422827 2.4866421223    1.070  0.370  3.7783  4.162    1  0.000  0.535     0.00     0.00 -1 -2.11e-13      0.00 7.680e-01 2.193e-01 2.224e-03 6.091e-04 5.546e-03 -1.000 1.263e-02 3.844 4.052 3.709 3.625 3.629 3.631 3.775
0.0152 0.01508 9.83251 1.0794359446 2.4881470203    1.078  0.403  3.7779  4.131    1  0.000  0.535     0.00     0.00 -1 -2.32e-13      0.00 7.674e-01 2.199e-01 2.232e-03 6.113e-04 5.566e-03 -1.000 1.268e-02 3.764 3.973 3.629 3.544 3.548 3.549 3.694
0.0152 0.01508 9.83251 1.0900363922 2.4899876118    1.088  0.444  3.7766  4.090    1  0.000  0.534     0.00     0.00 -1 -2.61e-13      0.00 7.656e-01 2.216e-01 2.251e-03 6.168e-04 5.617e-03 -1.000 1.282e-02 3.661 3.873 3.526 3.440 3.441 3.442 3.591
0.0152 0.01508 9.83251 1.0993397236 2.4915692806    1.098  0.481  3.7735  4.044    2  0.000  0.534     0.00     0.00 -1 -2.95e-13      0.00 7.597e-01 2.272e-01 2.305e-03 6.315e-04 5.750e-03 -1.000 1.309e-02 3.568 3.791 3.433 3.341 3.340 3.339 3.499
0.0152 0.01508 9.83251 1.1000000238 2.4916803837    1.098  0.484  3.7733  4.040    2  0.000  0.535     0.00     0.00 -1 -2.97e-13      0.00 7.592e-01 2.277e-01 2.310e-03 6.327e-04 5.761e-03 -1.000 1.312e-02 3.561 3.786 3.426 3.334 3.333 3.332 3.492
0.0152 0.01508 9.83251 1.1034793854 2.4922630787    1.102  0.498  3.7718  4.022    2  0.000  0.535     0.00     0.00 -1 -3.11e-13      0.00 7.567e-01 2.301e-01 2.333e-03 6.391e-04 5.818e-03 -1.000 1.323e-02 3.526 3.755 3.391 3.297 3.294 3.292 3.458
0.0152 0.01508 9.83251 1.1109064817 2.4934933186    1.109  0.525  3.7660  3.974    2  0.000  0.535     0.00     0.00 -1 -3.44e-13      0.00 7.486e-01 2.378e-01 2.401e-03 6.576e-04 5.984e-03 -1.000 1.360e-02 3.458 3.709 3.323 3.220 3.211 3.207 3.391
0.0152 0.01508 9.83251 1.1175066233 2.4945704937    1.116  0.541  3.7568  3.923    2  0.000  0.536     0.00     0.00 -1 -3.75e-13      0.00 7.387e-01 2.472e-01 2.480e-03 6.790e-04 6.174e-03 -1.000 1.404e-02 3.417 3.705 3.284 3.166 3.147 3.139 3.355
0.0152 0.01508 9.83251 1.1215310097 2.4952204227    1.120  0.539  3.7461  3.885    2  0.000  0.536     0.00     0.00 -1 -3.87e-13      0.00 7.311e-01 2.545e-01 2.540e-03 6.951e-04 6.316e-03 -1.000 1.436e-02 3.424 3.759 3.296 3.161 3.131 3.118 3.370
0.0152 0.01508 9.83251 1.1239622831 2.4956102371    1.122  0.527  3.7361  3.858    2  0.000  0.536     0.00     0.00 -1 -3.87e-13      0.00 7.263e-01 2.592e-01 2.576e-03 7.050e-04 6.404e-03 -1.000 1.455e-02 3.453 3.835 3.335 3.184 3.145 3.126 3.411
0.0152 0.01508 9.83251 1.1256620884 2.4958817959    1.124  0.516  3.7275  3.834    2  0.000  0.537     0.00     0.00 -1 -3.87e-13      0.00 7.232e-01 2.621e-01 2.599e-03 7.112e-04 6.459e-03 -1.000 1.470e-02 3.479 3.905 3.372 3.208 3.158 3.135 3.449
0.0152 0.01508 9.83251 1.1272704601 2.4961378574    1.125  0.512  3.7191  3.806    2  0.000  0.537     0.00     0.00 -1 -3.94e-13      0.00 7.207e-01 2.645e-01 2.618e-03 7.162e-04 6.502e-03 -1.000 1.480e-02 3.490 3.962 3.397 3.218 3.159 3.130 3.475
0.0152 0.01508 9.83251 1.1291974783 2.4964435101    1.127  0.522  3.7103  3.761    2  0.000  0.537     0.00     0.00 -1 -4.21e-13      0.00 7.180e-01 2.672e-01 2.636e-03 7.209e-04 6.543e-03 -1.000 1.487e-02 3.464 3.988 3.388 3.195 3.125 3.091 3.467
0.0152 0.01508 9.83251 1.1310777664 2.4967405796    1.129  0.550  3.7036  3.707    2  0.000  0.537     0.00     0.00 -1 -4.75e-13      0.00 7.154e-01 2.697e-01 2.649e-03 7.246e-04 6.576e-03 -1.000 1.493e-02 3.395 3.963 3.335 3.129 3.051 3.012 3.414
0.0152 0.01508 9.83251 1.1316139698 2.4968249798    1.130  0.561  3.7020  3.690    2  0.000  0.537     0.00     0.00 -1 -4.97e-13      0.00 7.146e-01 2.704e-01 2.652e-03 7.256e-04 6.584e-03 -1.000 1.496e-02 3.368 3.945 3.311 3.103 3.023 2.983 3.390
0.0152 0.01508 9.83251 1.1321676970 2.4969122410    1.130  0.575  3.7009  3.672    2  0.000  0.537     0.00     0.00 -1 -5.24e-13      0.00 7.138e-01 2.712e-01 2.654e-03 7.265e-04 6.591e-03 -1.000 1.496e-02 3.332 3.917 3.278 3.068 2.987 2.945 3.358
0.0152 0.01508 9.83251 1.1337640285 2.4971630573    1.132  0.620  3.6979  3.615    3  0.000  0.535     0.00     0.00 -1 -6.15e-13      0.00 7.111e-01 2.739e-01 2.651e-03 7.324e-04 6.610e-03 -1.000 1.500e-02 3.220 3.824 3.174 2.958 2.872 2.829 3.253
0.0152 0.01508 9.83251 1.1350370646 2.4973623753    1.133  0.661  3.6959  3.567    3  0.000  0.528     0.00     0.00 -1 -7.11e-13      0.00 7.085e-01 2.765e-01 2.623e-03 7.549e-04 6.622e-03 -1.000 1.507e-02 3.118 3.735 3.078 2.858 2.770 2.725 3.157
0.0152 0.01508 9.83251 1.1365181208 2.4975936413    1.135  0.713  3.6940  3.508    3  0.000  0.510     0.00     0.00 -1 -8.55e-13      0.00 7.050e-01 2.799e-01 2.540e-03 8.360e-04 6.635e-03 -1.000 1.512e-02 2.988 3.618 2.954 2.730 2.640 2.594 3.032
0.0152 0.01508 9.83251 1.1376131773 2.4977643490    1.136  0.756  3.6927  3.460    3  0.000  0.491     0.00     0.00 -1 -9.94e-13      0.00 7.023e-01 2.826e-01 2.447e-03 9.459e-04 6.642e-03 -1.000 1.514e-02 2.881 3.520 2.851 2.625 2.532 2.486 2.929
0.0152 0.01508 9.83251 1.1388399601 2.4979548454    1.137  0.807  3.6912  3.403    3  0.000  0.471     0.00     0.00 -1 -1.19e-12      0.00 6.993e-01 2.855e-01 2.351e-03 1.067e-03 6.649e-03 -1.000 1.518e-02 2.753 3.402 2.726 2.497 2.403 2.355 2.805
0.0152 0.01508 9.83251 1.1397759914 2.4981000423    1.138  0.850  3.6899  3.356    3  0.000  0.459     0.00     0.00 -1 -1.39e-12      0.00 6.971e-01 2.878e-01 2.290e-03 1.143e-03 6.654e-03 -1.000 1.518e-02 2.645 3.303 2.622 2.390 2.294 2.246 2.700
0.0152 0.01508 9.83251 1.1406502724 2.4982354641    1.139  0.893  3.6886  3.308    3  0.000  0.449     0.00     0.00 -1 -1.62e-12      0.00 6.951e-01 2.897e-01 2.244e-03 1.202e-03 6.657e-03 -1.000 1.518e-02 2.537 3.205 2.518 2.284 2.186 2.137 2.596
0.0152 0.01508 9.83251 1.1414102316 2.4983527660    1.139  0.934  3.6874  3.262    3  0.000  0.443     0.00     0.00 -1 -1.87e-12      0.00 6.936e-01 2.912e-01 2.213e-03 1.241e-03 6.660e-03 -1.000 1.520e-02 2.435 3.112 2.420 2.183 2.083 2.033 2.498
0.0152 0.01508 9.83251 1.1423232555 2.4984936714    1.140  0.987  3.6856  3.202    3  0.000  0.437     0.00     0.00 -1 -2.26e-12      0.00 6.921e-01 2.927e-01 2.185e-03 1.278e-03 6.662e-03 -1.000 1.521e-02 2.302 2.993 2.293 2.052 1.950 1.899 2.371
0.0152 0.01508 9.83251 1.1429588795 2.4985916615    1.141  1.028  3.6842  3.156    3  0.000  0.434     0.00     0.00 -1 -2.61e-12      0.00 6.912e-01 2.935e-01 2.169e-03 1.298e-03 6.663e-03 -1.000 1.522e-02 2.201 2.903 2.196 1.953 1.848 1.796 2.274
0.0152 0.01508 9.83251 1.1436946392 2.4987049103    1.141  1.078  3.6823  3.098    3  0.000  0.431     0.00     0.00 -1 -3.13e-12      0.00 6.904e-01 2.944e-01 2.155e-03 1.316e-03 6.665e-03 -1.000 1.524e-02 2.074 2.790 2.075 1.828 1.721 1.667 2.153
0.0152 0.01508 9.83251 1.1442425251 2.4987890720    1.142  1.119  3.6807  3.051    3  0.000  0.429     0.00     0.00 -1 -3.63e-12      0.00 6.899e-01 2.949e-01 2.147e-03 1.327e-03 6.666e-03 -1.000 1.524e-02 1.971 2.700 1.977 1.727 1.617 1.563 2.055
0.0152 0.01508 9.83251 1.1448572874 2.4988832474    1.143  1.170  3.6786  2.992    3  0.000  0.428     0.00     0.00 -1 -4.36e-12      0.00 6.895e-01 2.953e-01 2.140e-03 1.335e-03 6.666e-03 -1.000 1.524e-02 1.845 2.591 1.858 1.603 1.491 1.435 1.936
0.0152 0.01508 9.83251 1.1454235315 2.4989700317    1.143  1.222  3.6764  2.932    3  0.000  0.427     0.00     0.00 -1 -5.26e-12      0.00 6.893e-01 2.955e-01 2.137e-03 1.339e-03 6.666e-03 -1.000 1.522e-02 1.716 2.480 1.737 1.477 1.362 1.304 1.814
0.0152 0.01508 9.83251 1.1459145546 2.4990453720    1.143  1.271  3.6741  2.874    3  0.000  0.427     0.00     0.00 -1 -6.29e-12      0.00 6.893e-01 2.955e-01 2.136e-03 1.341e-03 6.666e-03 -1.000 1.522e-02 1.592 2.375 1.622 1.357 1.238 1.179 1.699
0.0152 0.01508 9.83251 1.1463636160 2.4991140366    1.144  1.321  3.6718  2.815    3  0.000  0.427     0.00     0.00 -1 -7.55e-12      0.00 6.892e-01 2.955e-01 2.135e-03 1.342e-03 6.666e-03 -1.000 1.522e-02 1.468 2.269 1.506 1.237 1.114 1.053 1.582
0.0152 0.01508 9.83251 1.1467794180 2.4991774559    1.144  1.371  3.6693  2.755    3  0.000  0.427     0.00     0.00 -1 -9.07e-12      0.00 6.892e-01 2.956e-01 2.135e-03 1.342e-03 6.666e-03 -1.000 1.522e-02 1.342 2.164 1.389 1.115 0.989 0.926 1.465
0.0152 0.01508 9.83251 1.1471415758 2.4992327690    1.144  1.419  3.6669  2.697    3  0.000  0.427     0.00     0.00 -1 -1.08e-11      0.00 6.892e-01 2.956e-01 2.134e-03 1.343e-03 6.666e-03 -1.000 1.522e-02 1.223 2.066 1.280 1.000 0.870 0.805 1.356
0.0152 0.01508 9.83251 1.1474888325 2.4992859364    1.145  1.468  3.6643  2.638    3  0.000  0.427     0.00     0.00 -1  -1.3e-11      0.00 6.892e-01 2.956e-01 2.134e-03 1.343e-03 6.667e-03 -1.000 1.522e-02 1.100 1.965 1.168 0.882 0.748 0.681 1.242
0.0152 0.01508 9.83251 1.1478040218 2.4993338585    1.145  1.515  3.6618  2.581    3  0.000  0.427     0.00     0.00 -1 -1.54e-11      0.00 6.892e-01 2.956e-01 2.134e-03 1.344e-03 6.667e-03 -1.000 1.522e-02 0.982 1.869 1.060 0.769 0.631 0.562 1.134
0.0152 0.01508 9.83251 1.1481136084 2.4993810654    1.145  1.559  3.6593  2.527    3  0.000  0.427     0.00     0.00 -1 -1.82e-11      0.00 6.892e-01 2.956e-01 2.133e-03 1.344e-03 6.667e-03 -1.000 1.522e-02 0.872 1.780 0.960 0.663 0.521 0.450 1.033
0.0152 0.01508 9.83251 1.1485165358 2.4994423389    1.145  1.603  3.6570  2.474    3  0.000  0.427     0.00     0.00 -1 -2.15e-11      0.00 6.892e-01 2.956e-01 2.133e-03 1.344e-03 6.667e-03 -1.000 1.521e-02 0.762 1.694 0.861 0.558 0.413 0.340 0.934
0.0152 0.01508 9.83251 1.1487578154 2.4994790554    1.146  1.575  3.6589  2.509    3  0.000  0.427     0.00     0.00 -1 -1.96e-11      0.00 6.892e-01 2.956e-01 2.133e-03 1.345e-03 6.667e-03 -1.000 1.521e-02 0.832 1.744 0.922 0.624 0.482 0.410 0.995
0.0152 0.01508 9.83251 1.1489142179 2.4995028973    1.146  1.533  3.6617  2.562    3  0.000  0.426     0.00     0.00 -1 -1.67e-11      0.00 6.892e-01 2.956e-01 2.133e-03 1.345e-03 6.667e-03 -1.000 1.521e-02 0.937 1.824 1.015 0.723 0.585 0.516 1.089
0.0152 0.01508 9.83251 1.1489483118 2.4995081425    1.146  1.526  3.6621  2.572    3  0.000  0.426     0.00     0.00 -1 -1.62e-11      0.00 6.892e-01 2.956e-01 2.133e-03 1.345e-03 6.667e-03 -1.000 1.521e-02 0.956 1.839 1.032 0.742 0.604 0.535 1.106
0.0152 0.01508 9.83251 1.1490422487 2.4995224476    1.146  1.544  3.6611  2.550    3  0.000  0.426     0.00     0.00 -1 -1.72e-11      0.00 6.892e-01 2.956e-01 2.133e-03 1.345e-03 6.667e-03 -1.000 1.521e-02 0.910 1.802 0.991 0.698 0.559 0.490 1.065
0.0152 0.01508 9.83251 1.1492906809 2.4995601177    1.146  1.591  3.6584  2.491    3  0.000  0.426     0.00     0.00 -1 -2.04e-11      0.00 6.892e-01 2.956e-01 2.132e-03 1.345e-03 6.667e-03 -1.000 1.521e-02 0.791 1.708 0.884 0.584 0.441 0.369 0.957
0.0152 0.01508 9.83251 1.1495356560 2.4995973110    1.146  1.639  3.6556  2.432    3  0.000  0.426     0.00     0.00 -1 -2.43e-11      0.00 6.892e-01 2.956e-01 2.132e-03 1.346e-03 6.667e-03 -1.000 1.521e-02 0.672 1.618 0.776 0.470 0.323 0.248 0.849
0.0152 0.01508 9.83251 1.1497633457 2.4996321201    1.146  1.687  3.6528  2.374    3  0.000  0.426     0.00     0.00 -1  -2.9e-11      0.00 6.892e-01 2.956e-01 2.132e-03 1.346e-03 6.667e-03 -1.000 1.521e-02 0.554 1.530 0.670 0.356 0.205 0.128 0.742
0.0152 0.01508 9.83251 1.1499689817 2.4996631145    1.146  1.733  3.6500  2.317    3  0.000  0.426     0.00     0.00 -1 -3.44e-11      0.00 6.892e-01 2.956e-01 2.132e-03 1.346e-03 6.667e-03 -1.000 1.521e-02 0.439 1.444 0.567 0.246 0.091 0.012 0.639
0.0152 0.01508 9.83251 1.1499999762 2.4996678829    1.146  1.740  3.6495  2.308    3  0.000  0.426     0.00     0.00 -1 -3.54e-11      0.00 6.892e-01 2.956e-01 2.132e-03 1.346e-03 6.667e-03 -1.000 1.521e-02 0.420 1.431 0.551 0.229 0.073 -0.007 0.622
0.0152 0.01508 9.83251 1.1500998735 2.4996831417    1.146  1.764  3.6480  2.277    3  0.000  0.426     0.00     0.00 -1 -3.88e-11      0.00 6.892e-01 2.956e-01 2.132e-03 1.347e-03 6.667e-03 -1.000 1.521e-02 0.359 1.387 0.497 0.171 0.012 -0.068 0.568
0.0152 0.01508 9.83251 1.1502673626 2.4997084141    1.146  1.809  3.6453  2.222    3  0.000  0.426     0.00     0.00 -1 -4.58e-11      0.00 6.892e-01 2.956e-01 2.131e-03 1.347e-03 6.667e-03 -1.000 1.521e-02 0.248 1.308 0.401 0.066 -0.098 -0.180 0.470
0.0152 0.01508 9.83251 1.1504236460 2.4997322559    1.146  1.854  3.6424  2.165    3  0.000  0.426     0.00     0.00 -1 -5.41e-11      0.00 6.892e-01 2.956e-01 2.131e-03 1.347e-03 6.667e-03 -1.000 1.521e-02 0.136 1.228 0.303 -0.040 -0.208 -0.293 0.371
0.0152 0.01508 9.83251 1.1505681276 2.4997541904    1.146  1.898  3.6396  2.109    3  0.000  0.426     0.00     0.00 -1  -6.4e-11      0.00 6.892e-01 2.956e-01 2.131e-03 1.347e-03 6.667e-03 -1.000 1.521e-02 0.025 1.150 0.206 -0.145 -0.318 -0.406 0.273
0.0152 0.01508 9.83251 1.1506992579 2.4997739792    1.146  1.942  3.6367  2.054    3  0.000  0.426     0.00     0.00 -1 -7.55e-11      0.00 6.892e-01 2.956e-01 2.131e-03 1.347e-03 6.667e-03 -1.000 1.521e-02 -0.085 1.076 0.115 -0.247 -0.425 -0.516 0.179
0.0152 0.01508 9.83251 1.1508213282 2.4997925758    1.146  1.986  3.6337  1.998    3  0.000  0.426     0.00     0.00 -1 -8.92e-11      0.00 6.892e-01 2.956e-01 2.131e-03 1.347e-03 6.667e-03 -1.000 1.521e-02 -0.196 1.002 0.022 -0.351 -0.533 -0.627 0.084
0.0152 0.01508 9.83251 1.1509315968 2.4998092651    1.146  2.030  3.6308  1.943    3  0.000  0.426     0.00     0.00 -1 -1.05e-10      0.00 6.892e-01 2.956e-01 2.131e-03 1.347e-03 6.667e-03 -1.000 1.521e-02 -0.304 0.925 -0.069 -0.450 -0.637 -0.733 -0.009
0.0152 0.01508 9.83251 1.1510332823 2.4998245239    1.146  2.073  3.6278  1.887    3  0.000  0.426     0.00     0.00 -1 -1.24e-10      0.00 6.892e-01 2.956e-01 2.131e-03 1.347e-03 6.667e-03 -1.000 1.521e-02 -0.413 0.849 -0.157 -0.548 -0.741 -0.839 -0.100
0.0152 0.01508 9.83251 1.1511260271 2.4998385906    1.146  2.116  3.6248  1.832    3  0.000  0.426     0.00     0.00 -1 -1.46e-10      0.00 6.892e-01 2.956e-01 2.131e-03 1.347e-03 6.667e-03 -1.000 1.521e-02 -0.520 0.776 -0.243 -0.645 -0.843 -0.944 -0.190
0.0152 0.01508 9.83251 1.1512112617 2.4998514652    1.145  2.159  3.6218  1.777    3  0.000  0.426     0.00     0.00 -1 -1.71e-10      0.00 6.892e-01 2.956e-01 2.131e-03 1.347e-03 6.667e-03 -1.000 1.521e-02 -0.627 0.701 -0.330 -0.741 -0.944 -1.047 -0.279
0.0152 0.01508 9.83251 1.1512913704 2.4998636246    1.145  2.202  3.6187  1.722    3  0.000  0.426     0.00     0.00 -1 -2.02e-10      0.00 6.892e-01 2.956e-01 2.131e-03 1.348e-03 6.667e-03 -1.000 1.521e-02 -0.735 0.626 -0.415 -0.837 -1.045 -1.152 -0.368
0.0152 0.01508 9.83251 1.1513637304 2.4998745918    1.145  2.244  3.6157  1.667    3  0.000  0.426     0.00     0.00 -1 -2.37e-10      0.00 6.892e-01 2.956e-01 2.131e-03 1.348e-03 6.667e-03 -1.000 1.521e-02 -0.841 0.555 -0.496 -0.929 -1.144 -1.254 -0.454
0.0152 0.01508 9.83251 1.1514303684 2.4998848438    1.145  2.286  3.6126  1.613    3  0.000  0.426     0.00     0.00 -1 -2.78e-10      0.00 6.892e-01 2.956e-01 2.131e-03 1.348e-03 6.667e-03 -1.000 1.521e-02 -0.946 0.483 -0.578 -1.021 -1.242 -1.356 -0.539
0.0152 0.01508 9.83251 1.1514931917 2.4998941422    1.144  2.329  3.6094  1.557    3  0.000  0.426     0.00     0.00 -1 -3.28e-10      0.00 6.892e-01 2.956e-01 2.130e-03 1.348e-03 6.667e-03 -1.000 1.521e-02 -1.052 0.411 -0.660 -1.113 -1.340 -1.458 -0.625
0.0152 0.01508 9.83251 1.1515485048 2.4999027252    1.144  2.369  3.6064  1.504    3  0.000  0.426     0.00     0.00 -1 -3.82e-10      0.00 6.892e-01 2.956e-01 2.130e-03 1.348e-03 6.667e-03 -1.000 1.521e-02 -1.153 0.345 -0.734 -1.199 -1.433 -1.555 -0.704
0.0152 0.01508 9.83251 1.1516021490 2.4999108315    1.143  2.411  3.6031  1.449    3  0.000  0.426     0.00     0.00 -1 -4.49e-10      0.00 6.892e-01 2.956e-01 2.130e-03 1.348e-03 6.667e-03 -1.000 1.521e-02 -1.259 0.287 -0.809 -1.291 -1.533 -1.660 -0.785
0.0152 0.01508 9.83251 1.1516501904 2.4999179840    1.143  2.452  3.5999  1.396    3  0.000  0.426     0.00     0.00 -1 -5.25e-10      0.00 6.892e-01 2.956e-01 2.130e-03 1.348e-03 6.667e-03 -1.000 1.522e-02 -1.360 0.233 -0.880 -1.379 -1.630 -1.761 -0.862
0.0152 0.01508 9.83251 1.1516939402 2.4999246597    1.142  2.492  3.5968  1.343    3  0.000  0.426     0.00     0.00 -1 -6.13e-10      0.00 6.892e-01 2.956e-01 2.130e-03 1.348e-03 6.667e-03 -1.000 1.522e-02 -1.460 0.184 -0.942 -1.464 -1.725 -1.861 -0.934
0.0152 0.01508 9.83251 1.1517360210 2.4999310970    1.142  2.533  3.5934  1.288    3  0.000  0.426     0.00     0.00 -1 -7.19e-10      0.00 6.892e-01 2.956e-01 2.130e-03 1.348e-03 6.667e-03 -1.000 1.522e-02 -1.563 0.136 -1.005 -1.551 -1.822 -1.964 -1.008
0.0152 0.01508 9.83251 1.1517734528 2.4999365807    1.141  2.573  3.5901  1.235    3  0.000  0.426     0.00     0.00 -1 -8.37e-10      0.00 6.892e-01 2.956e-01 2.130e-03 1.348e-03 6.667e-03 -1.000 1.522e-02 -1.661 0.091 -1.064 -1.633 -1.915 -2.062 -1.077
0.0152 0.01508 9.83251 1.1518081427 2.4999418259    1.140  2.612  3.5869  1.183    3  0.000  0.426     0.00     0.00 -1 -9.74e-10      0.00 6.892e-01 2.956e-01 2.130e-03 1.348e-03 6.667e-03 -1.000 1.522e-02 -1.759 0.053 -1.113 -1.713 -2.007 -2.160 -1.141
0.0152 0.01508 9.83251 1.1518414021 2.4999468327    1.140  2.652  3.5835  1.129    3  0.000  0.426     0.00     0.00 -1 -1.14e-09      0.00 6.892e-01 2.956e-01 2.130e-03 1.348e-03 6.667e-03 -1.000 1.522e-02 -1.859 0.015 -1.162 -1.793 -2.101 -2.260 -1.205
0.0152 0.01508 9.83251 1.1518714428 2.4999513626    1.139  2.690  3.5801  1.077    3  0.000  0.426     0.00     0.00 -1 -1.32e-09      0.00 6.892e-01 2.956e-01 2.130e-03 1.348e-03 6.667e-03 -1.000 1.522e-02 -1.955 -0.018 -1.208 -1.870 -2.191 -2.356 -1.266
0.0152 0.01508 9.83251 1.1518993378 2.4999556541    1.138  2.728  3.5767  1.025    3  0.000  0.426     0.00     0.00 -1 -1.54e-09      0.00 6.892e-01 2.956e-01 2.130e-03 1.348e-03 6.667e-03 -1.000 1.522e-02 -2.051 -0.041 -1.235 -1.942 -2.279 -2.452 -1.317
0.0152 0.01508 9.83251 1.1519256830 2.4999597073    1.137  2.767  3.5732  0.972    3  0.000  0.426     0.00     0.00 -1 -1.79e-09      0.00 6.892e-01 2.956e-01 2.130e-03 1.348e-03 6.667e-03 -1.000 1.522e-02 -2.146 -0.061 -1.260 -2.014 -2.367 -2.547 -1.368
0.0152 0.01508 9.83251 1.1519503593 2.4999632835    1.136  2.804  3.5697  0.920    3  0.000  0.426     0.00     0.00 -1 -2.07e-09      0.00 6.892e-01 2.956e-01 2.130e-03 1.348e-03 6.667e-03 -1.000 1.522e-02 -2.241 -0.075 -1.281 -2.084 -2.455 -2.643 -1.415
0.0152 0.01508 9.83251 1.1519782543 2.4999675751    1.135  2.850  3.5652  0.855    3  0.000  0.426     0.00     0.00 -1 -2.49e-09      0.00 6.892e-01 2.956e-01 2.130e-03 1.348e-03 6.668e-03 -1.000 1.522e-02 -2.356 -0.071 -1.276 -2.159 -2.556 -2.757 -1.457
0.0152 0.01508 9.83251 1.1520040035 2.4999713898    1.133  2.896  3.5607  0.791    3  0.000  0.426     0.00     0.00 -1 -2.99e-09      0.00 6.892e-01 2.956e-01 2.130e-03 1.348e-03 6.668e-03 -1.000 1.522e-02 -2.469 -0.066 -1.270 -2.234 -2.657 -2.871 -1.499
0.0152 0.01508 9.83251 1.1520273685 2.4999749660    1.131  2.940  3.5562  0.728    3  0.000  0.426     0.00     0.00 -1 -3.57e-09      0.00 6.892e-01 2.956e-01 2.130e-03 1.348e-03 6.668e-03 -1.000 1.522e-02 -2.581 -0.038 -1.237 -2.298 -2.751 -2.980 -1.526
0.0152 0.01508 9.83251 1.1520491838 2.4999783039    1.130  2.984  3.5516  0.665    3  0.000  0.426     0.00     0.00 -1 -4.27e-09      0.00 6.892e-01 2.956e-01 2.130e-03 1.348e-03 6.668e-03 -1.000 1.522e-02 -2.691 -0.002 -1.194 -2.358 -2.842 -3.087 -1.549
0.0152 0.01508 9.83251 1.1520695686 2.4999814034    1.127  3.028  3.5470  0.602    3  0.000  0.426     0.00     0.00 -1  -5.1e-09      0.00 6.892e-01 2.956e-01 2.130e-03 1.348e-03 6.668e-03 -1.000 1.522e-02 -2.800 0.056 -1.129 -2.406 -2.924 -3.191 -1.559
0.0152 0.01508 9.83251 1.1520884037 2.4999842644    1.125  3.071  3.5423  0.539    3  0.000  0.426     0.00     0.00 -1 -6.08e-09      0.00 6.892e-01 2.956e-01 2.130e-03 1.348e-03 6.668e-03 -1.000 1.522e-02 -2.907 0.128 -1.050 -2.447 -2.999 -3.291 -1.560
0.0152 0.01508 9.83251 1.1521059275 2.4999868870    1.122  3.114  3.5376  0.477    3  0.000  0.426     0.00     0.00 -1 -7.26e-09      0.00 6.892e-01 2.956e-01 2.130e-03 1.348e-03 6.668e-03 -1.000 1.522e-02 -3.015 0.223 -0.950 -2.477 -3.067 -3.387 -1.550
0.0152 0.01508 9.83251 1.1521221399 2.4999892712    1.120  3.156  3.5328  0.414    3  0.000  0.426     0.00     0.00 -1 -8.64e-09      0.00 6.892e-01 2.956e-01 2.130e-03 1.348e-03 6.668e-03 -1.000 1.522e-02 -3.120 0.344 -0.829 -2.494 -3.124 -3.478 -1.527
0.0152 0.01508 9.83251 1.1521373987 2.4999916553    1.116  3.197  3.5279  0.352    3  0.000  0.426     0.00     0.00 -1 -1.03e-08      0.00 6.892e-01 2.956e-01 2.130e-03 1.348e-03 6.668e-03 -1.000 1.522e-02 -3.224 0.488 -0.693 -2.497 -3.166 -3.562 -1.491
0.0152 0.01508 9.83251 1.1521513462 2.4999938011    1.113  3.238  3.5230  0.291    3  0.000  0.426     0.00     0.00 -1 -1.22e-08      0.00 6.892e-01 2.956e-01 2.130e-03 1.348e-03 6.668e-03 -1.000 1.522e-02 -3.324 0.666 -0.535 -2.479 -3.187 -3.635 -1.437
0.0152 0.01508 9.83251 1.1521645784 2.4999957085    1.109  3.278  3.5181  0.229    3  0.000  0.426     0.00     0.00 -1 -1.45e-08      0.00 6.892e-01 2.956e-01 2.130e-03 1.348e-03 6.668e-03 -1.000 1.522e-02 -3.425 0.871 -0.353 -2.444 -3.193 -3.697 -1.367
0.0152 0.01508 9.83251 1.1521768570 2.4999976158    1.105  3.317  3.5132  0.169    3  0.000  0.426     0.00     0.00 -1 -1.72e-08      0.00 6.892e-01 2.956e-01 2.130e-03 1.348e-03 6.668e-03 -1.000 1.522e-02 -3.523 1.118 -0.134 -2.381 -3.169 -3.741 -1.270
0.0152 0.01508 9.83251 1.1521886587 2.4999995232    1.100  3.356  3.5082  0.108    3  0.000  0.426     0.00     0.00 -1 -2.04e-08      0.00 6.892e-01 2.956e-01 2.130e-03 1.348e-03 6.668e-03 -1.000 1.522e-02 -3.620 1.350 0.067 -2.320 -3.146 -3.782 -1.179
0.0152 0.01508 9.83251 1.1522026062 2.5000014305    1.093  3.401  3.5023  0.037    3  0.000  0.426     0.00     0.00 -1 -2.49e-08      0.00 6.892e-01 2.956e-01 2.130e-03 1.348e-03 6.668e-03 -1.000 1.522e-02 -3.732 1.607 0.278 -2.243 -3.112 -3.820 -1.073
0.0152 0.01508 9.83251 1.1522026062 2.5000014305    1.092  1.705  3.6687  2.398    4  0.000  0.441     0.00     0.00 -1    -1e-30      0.00 6.906e-01 2.941e-01 2.203e-03 1.254e-03 6.658e-03 -1.000 1.522e-02 0.506 1.328 0.555 0.281 0.152 0.091 0.631
0.0152 0.01508 9.83251 1.1523414850 2.5000224113    1.093  1.715  3.6680  2.385    4  0.000  0.441     0.00     0.00 -1    -1e-30      0.00 6.906e-01 2.941e-01 2.203e-03 1.254e-03 6.658e-03 -1.000 1.522e-02 0.482 1.312 0.533 0.258 0.128 0.067 0.609
0.0152 0.01508 9.83251 1.1524839401 2.5000441074    1.093  1.719  3.6678  2.380    4  0.000  0.441     0.00     0.00 -1    -1e-30      0.00 6.906e-01 2.941e-01 2.202e-03 1.255e-03 6.658e-03 -1.000 1.522e-02 0.472 1.303 0.523 0.247 0.117 0.056 0.599
0.0152 0.01508 9.83251 1.1526277065 2.5000658035    1.093  1.719  3.6680  2.381    4  0.000  0.441     0.00     0.00 -1    -1e-30      0.00 6.906e-01 2.941e-01 2.202e-03 1.255e-03 6.658e-03 -1.000 1.522e-02 0.472 1.302 0.523 0.248 0.118 0.057 0.599
0.0152 0.01508 9.83251 1.1527756453 2.5000879765    1.093  1.717  3.6684  2.385    4  0.000  0.441     0.00     0.00 -1    -1e-30      0.00 6.906e-01 2.941e-01 2.202e-03 1.255e-03 6.658e-03 -1.000 1.522e-02 0.477 1.302 0.526 0.252 0.123 0.062 0.602
0.0152 0.01508 9.83251 1.1529232264 2.5001103878    1.093  1.715  3.6689  2.390    4  0.000  0.441     0.00     0.00 -1    -1e-30      0.00 6.906e-01 2.941e-01 2.202e-03 1.255e-03 6.658e-03 -1.000 1.522e-02 0.483 1.304 0.531 0.257 0.129 0.068 0.607
0.0152 0.01508 9.83251 1.1530686617 2.5001323223    1.093  1.712  3.6694  2.394    4  0.000  0.441     0.00     0.00 -1    -1e-30      0.00 6.906e-01 2.942e-01 2.202e-03 1.256e-03 6.658e-03 -1.000 1.522e-02 0.489 1.306 0.535 0.262 0.135 0.074 0.611
0.0152 0.01508 9.83251 1.1532135010 2.5001540184    1.094  1.710  3.6698  2.398    4  0.000  0.441     0.00     0.00 -1    -1e-30      0.00 6.906e-01 2.942e-01 2.201e-03 1.256e-03 6.659e-03 -1.000 1.522e-02 0.495 1.307 0.539 0.268 0.141 0.081 0.615
0.0152 0.01508 9.83251 1.1533628702 2.5001766682    1.094  1.708  3.6702  2.402    4  0.000  0.441     0.00     0.00 -1    -1e-30      0.00 6.906e-01 2.942e-01 2.201e-03 1.256e-03 6.659e-03 -1.000 1.522e-02 0.501 1.309 0.543 0.273 0.146 0.087 0.620
0.0152 0.01508 9.83251 1.1535009146 2.5001974106    1.094  1.706  3.6706  2.406    4  0.000  0.441     0.00     0.00 -1    -1e-30      0.00 6.906e-01 2.942e-01 2.201e-03 1.256e-03 6.659e-03 -1.000 1.522e-02 0.506 1.311 0.547 0.277 0.151 0.092 0.623
0.0152 0.01508 9.83251 1.1536407471 2.5002186298    1.094  1.704  3.6710  2.409    4  0.000  0.441     0.00     0.00 -1    -1e-30      0.00 6.906e-01 2.942e-01 2.201e-03 1.257e-03 6.659e-03 -1.000 1.522e-02 0.510 1.312 0.550 0.281 0.155 0.096 0.626
0.0152 0.01508 9.83251 1.1537812948 2.5002396107    1.094  1.703  3.6713  2.412    4  0.000  0.441     0.00     0.00 -1    -1e-30      0.00 6.906e-01 2.942e-01 2.201e-03 1.257e-03 6.659e-03 -1.000 1.522e-02 0.514 1.313 0.552 0.284 0.159 0.100 0.629
0.0152 0.01508 9.83251 1.1539205313 2.5002605915    1.095  1.701  3.6716  2.414    4  0.000  0.441     0.00     0.00 -1    -1e-30      0.00 6.906e-01 2.942e-01 2.201e-03 1.257e-03 6.659e-03 -1.000 1.522e-02 0.517 1.313 0.554 0.287 0.162 0.104 0.631
0.0152 0.01508 9.83251 1.1540588140 2.5002815723    1.095  1.700  3.6719  2.416    4  0.000  0.441     0.00     0.00 -1    -1e-30      0.00 6.906e-01 2.942e-01 2.200e-03 1.257e-03 6.659e-03 -1.000 1.522e-02 0.519 1.314 0.556 0.289 0.165 0.107 0.633
0.0152 0.01508 9.83251 1.1542061567 2.5003037453    1.095  1.699  3.6721  2.419    4  0.000  0.441     0.00     0.00 -1    -1e-30      0.00 6.906e-01 2.942e-01 2.200e-03 1.257e-03 6.659e-03 -1.000 1.522e-02 0.522 1.314 0.558 0.291 0.167 0.109 0.634
0.0152 0.01508 9.83251 1.1542398930 2.5003087521    1.095  1.699  3.6722  2.419    4  0.000  0.440     0.00     0.00 -1    -1e-30      0.00 6.906e-01 2.942e-01 2.200e-03 1.258e-03 6.659e-03 -1.000 1.522e-02 0.522 1.314 0.558 0.292 0.168 0.110 0.634
0.0152 0.01508 9.83251 1.1543844938 2.5003304482    1.095  1.698  3.6724  2.421    4  0.000  0.440     0.00     0.00 -1    -1e-30      0.00 6.906e-01 2.942e-01 2.200e-03 1.258e-03 6.659e-03 -1.000 1.522e-02 0.524 1.314 0.559 0.293 0.170 0.112 0.635
0.0152 0.01508 9.83251 1.1545227766 2.5003514290    1.095  1.698  3.6726  2.422    4  0.000  0.440     0.00     0.00 -1    -1e-30      0.00 6.906e-01 2.942e-01 2.200e-03 1.258e-03 6.659e-03 -1.000 1.522e-02 0.525 1.313 0.560 0.294 0.171 0.113 0.636
0.0152 0.01508 9.83251 1.1546604633 2.5003719330    1.095  1.698  3.6728  2.423    4  0.000  0.440     0.00     0.00 -1    -1e-30      0.00 6.906e-01 2.942e-01 2.200e-03 1.258e-03 6.659e-03 -1.000 1.522e-02 0.526 1.312 0.560 0.294 0.171 0.114 0.636
0.0152 0.01508 9.83251 1.1548051834 2.5003938675    1.096  1.698  3.6729  2.423    4  0.000  0.440     0.00     0.00 -1    -1e-30      0.00 6.906e-01 2.942e-01 2.200e-03 1.258e-03 6.659e-03 -1.000 1.522e-02 0.526 1.311 0.559 0.294 0.171 0.114 0.635
0.0152 0.01508 9.83251 1.1549422741 2.5004143715    1.096  1.698  3.6730  2.423    4  0.000  0.440     0.00     0.00 -1    -1e-30      0.00 6.906e-01 2.942e-01 2.199e-03 1.259e-03 6.659e-03 -1.000 1.522e-02 0.525 1.310 0.558 0.293 0.170 0.113 0.634
0.0152 0.01508 9.83251 1.1550906897 2.5004367828    1.096  1.699  3.6730  2.423    4  0.000  0.440     0.00     0.00 -1    -1e-30      0.00 6.906e-01 2.942e-01 2.199e-03 1.259e-03 6.659e-03 -1.000 1.522e-02 0.523 1.307 0.556 0.291 0.168 0.111 0.632
0.0152 0.01508 9.83251 1.1552320719 2.5004580021    1.096  1.700  3.6730  2.422    4  0.000  0.440     0.00     0.00 -1    -1e-30      0.00 6.906e-01 2.942e-01 2.199e-03 1.259e-03 6.659e-03 -1.000 1.522e-02 0.520 1.305 0.553 0.288 0.166 0.108 0.629
0.0152 0.01508 9.83251 1.1552411318 2.5004591942    1.096  1.700  3.6730  2.422    4  0.000  0.440     0.00     0.00 -1    -1e-30      0.00 6.906e-01 2.942e-01 2.199e-03 1.259e-03 6.659e-03 -1.000 1.522e-02 0.520 1.304 0.553 0.288 0.165 0.108 0.629
0.0152 0.01508 9.83251 1.1553212404 2.5004713535    1.096  1.701  3.6730  2.421    4  0.000  0.440     0.00     0.00 -1    -1e-30      0.00 6.906e-01 2.942e-01 2.199e-03 1.259e-03 6.659e-03 -1.000 1.522e-02 0.518 1.303 0.551 0.286 0.163 0.106 0.627
0.0152 0.01508 9.83251 1.1554633379 2.5004925728    1.096  1.703  3.6729  2.419    4  0.000  0.440     0.00     0.00 -1    -1e-30      0.00 6.906e-01 2.942e-01 2.199e-03 1.260e-03 6.659e-03 -1.000 1.522e-02 0.513 1.299 0.546 0.281 0.159 0.101 0.623
0.0152 0.01508 9.83251 1.1556016207 2.5005135536    1.097  1.705  3.6727  2.416    4  0.000  0.440     0.00     0.00 -1    -1e-30      0.00 6.906e-01 2.942e-01 2.199e-03 1.260e-03 6.659e-03 -1.000 1.523e-02 0.507 1.294 0.541 0.276 0.153 0.095 0.617
0.0152 0.01508 9.83251 1.1557402611 2.5005342960    1.097  1.708  3.6725  2.412    4  0.000  0.440     0.00     0.00 -1    -1e-30      0.00 6.906e-01 2.942e-01 2.198e-03 1.260e-03 6.659e-03 -1.000 1.523e-02 0.500 1.289 0.534 0.269 0.145 0.088 0.611
0.0152 0.01508 9.83251 1.1558815241 2.5005555153    1.097  1.712  3.6722  2.407    4  0.000  0.440     0.00     0.00 -1    -1e-30      0.00 6.906e-01 2.942e-01 2.198e-03 1.260e-03 6.659e-03 -1.000 1.523e-02 0.490 1.282 0.526 0.259 0.136 0.078 0.602
0.0152 0.01508 9.83251 1.1560230255 2.5005767345    1.097  1.717  3.6718  2.401    4  0.000  0.440     0.00     0.00 -1    -1e-30      0.00 6.905e-01 2.942e-01 2.198e-03 1.260e-03 6.660e-03 -1.000 1.523e-02 0.479 1.274 0.515 0.248 0.124 0.066 0.592
0.0152 0.01508 9.83251 1.1561628580 2.5005977154    1.097  1.722  3.6713  2.394    4  0.000  0.440     0.00     0.00 -1    -1e-30      0.00 6.905e-01 2.942e-01 2.198e-03 1.261e-03 6.660e-03 -1.000 1.523e-02 0.465 1.264 0.504 0.235 0.110 0.052 0.580
0.0152 0.01508 9.83251 1.1563034058 2.5006186962    1.097  1.728  3.6708  2.386    4  0.000  0.440     0.00     0.00 -1    -1e-30      0.00 6.905e-01 2.942e-01 2.198e-03 1.261e-03 6.660e-03 -1.000 1.523e-02 0.450 1.254 0.490 0.221 0.095 0.037 0.567
0.0152 0.01508 9.83251 1.1564420462 2.5006394386    1.098  1.735  3.6702  2.376    4  0.000  0.440     0.00     0.00 -1    -1e-30      0.00 6.905e-01 2.942e-01 2.198e-03 1.261e-03 6.660e-03 -1.000 1.523e-02 0.432 1.242 0.475 0.204 0.077 0.018 0.551
0.0152 0.01508 9.83251 1.1565902233 2.5006616116    1.098  1.743  3.6694  2.365    4  0.000  0.440     0.00     0.00 -1    -1e-30      0.00 6.905e-01 2.942e-01 2.197e-03 1.261e-03 6.660e-03 -1.000 1.523e-02 0.412 1.229 0.457 0.185 0.057 -0.003 0.534
0.0152 0.01508 9.83251 1.1567287445 2.5006823540    1.098  1.743  3.6695  2.366    4  0.000  0.440     0.00     0.00 -1    -1e-30      0.00 6.905e-01 2.942e-01 2.197e-03 1.262e-03 6.660e-03 -1.000 1.523e-02 0.412 1.228 0.457 0.185 0.057 -0.002 0.533
0.0152 0.01508 9.83251 1.1568690538 2.5007033348    1.098  1.768  3.6672  2.331    4  0.000  0.440     0.00     0.00 -1    -1e-30      0.00 6.905e-01 2.942e-01 2.197e-03 1.262e-03 6.660e-03 -1.000 1.523e-02 0.350 1.188 0.403 0.126 -0.005 -0.067 0.479
0.0152 0.01508 9.83251 1.1569998264 2.5007231236    1.098  1.808  3.6635  2.277    4  0.000  0.440     0.00     0.00 -1    -1e-30      0.00 6.905e-01 2.943e-01 2.197e-03 1.262e-03 6.660e-03 -1.000 1.523e-02 0.250 1.122 0.317 0.031 -0.105 -0.169 0.393
0.0152 0.01508 9.83251 1.1570637226 2.5007326603    1.098  1.847  3.6600  2.224    4  0.000  0.440     0.00     0.00 -1    -1e-30      0.00 6.905e-01 2.943e-01 2.197e-03 1.262e-03 6.660e-03 -1.000 1.523e-02 0.153 1.059 0.234 -0.060 -0.201 -0.268 0.310
0.0152 0.01508 9.83251 1.1570993662 2.5007379055    1.098  1.889  3.6562  2.167    4  0.000  0.440     0.00     0.00 -1    -1e-30      0.00 6.905e-01 2.943e-01 2.197e-03 1.262e-03 6.660e-03 -1.000 1.523e-02 0.047 0.993 0.144 -0.159 -0.306 -0.376 0.219
0.0152 0.01508 9.83251 1.1571164131 2.5007405281    1.098  1.928  3.6528  2.114    4  0.000  0.440     0.00     0.00 -1    -1e-30      0.00 6.905e-01 2.943e-01 2.197e-03 1.262e-03 6.660e-03 -1.000 1.523e-02 -0.050 0.932 0.062 -0.250 -0.402 -0.475 0.136
0.0152 0.01508 9.83251 1.1571251154 2.5007417202    1.098  1.965  3.6495  2.063    4  0.000  0.440     0.00     0.00 -1    -1e-30      0.00 6.905e-01 2.943e-01 2.197e-03 1.262e-03 6.660e-03 -1.000 1.523e-02 -0.143 0.874 -0.016 -0.336 -0.493 -0.569 0.057
0.0152 0.01508 9.83251 1.1571302414 2.5007424355    1.098  2.002  3.6462  2.013    4  0.000  0.440     0.00     0.00 -1    -1e-30      0.00 6.905e-01 2.943e-01 2.197e-03 1.262e-03 6.660e-03 -1.000 1.523e-02 -0.236 0.818 -0.092 -0.422 -0.584 -0.663 -0.020
0.0152 0.01508 9.83251 1.1571336985 2.5007431507    1.098  2.041  3.6429  1.962    4  0.000  0.440     0.00     0.00 -1    -1e-30      0.00 6.905e-01 2.943e-01 2.197e-03 1.262e-03 6.660e-03 -1.000 1.523e-02 -0.332 0.757 -0.172 -0.510 -0.677 -0.759 -0.101
0.0152 0.01508 9.83251 1.1571353674 2.5007433891    1.098  2.066  3.6407  1.927    4  0.000  0.440     0.00     0.00 -1    -1e-30      0.00 6.905e-01 2.943e-01 2.197e-03 1.262e-03 6.660e-03 -1.000 1.523e-02 -0.396 0.716 -0.225 -0.568 -0.738 -0.822 -0.155
0.0152 0.01508 9.83251 1.1571354866 2.5007433891    1.098  2.067  3.6407  1.926    7  0.000  0.440     0.00     0.00 -1    -1e-30      0.00 6.905e-01 2.943e-01 2.197e-03 1.262e-03 6.660e-03 -1.000 1.523e-02 -0.398 0.715 -0.226 -0.570 -0.740 -0.823 -0.156
0.0152 0.01508 9.83251 1.1571360826 2.5007433891    1.098  2.079  3.6397  1.910    7  0.000  0.440     0.00     0.00 -1    -1e-30      0.00 6.905e-01 2.943e-01 2.197e-03 1.262e-03 6.660e-03 -1.000 1.523e-02 -0.427 0.696 -0.250 -0.597 -0.769 -0.853 -0.181
0.0152 0.01508 9.83251 1.1571383476 2.5007436275    1.098  2.119  3.6362  1.856    7  0.000  0.440     0.00     0.00 -1    -1e-30      0.00 6.905e-01 2.943e-01 2.197e-03 1.262e-03 6.660e-03 -1.000 1.523e-02 -0.528 0.633 -0.330 -0.687 -0.864 -0.952 -0.263
0.0152 0.01508 9.83251 1.1571402550 2.5007441044    1.098  2.151  3.6336  1.814    7  0.000  0.440     0.00     0.00 -1    -1e-30      0.00 6.905e-01 2.943e-01 2.197e-03 1.262e-03 6.660e-03 -1.000 1.523e-02 -0.608 0.582 -0.394 -0.758 -0.940 -1.029 -0.329
0.0152 0.01508 9.83251 1.1571422815 2.5007443428    1.098  2.172  3.6318  1.785    7  0.000  0.440     0.00     0.00 -1    -1e-30      0.00 6.905e-01 2.943e-01 2.197e-03 1.262e-03 6.660e-03 -1.000 1.523e-02 -0.661 0.547 -0.437 -0.806 -0.990 -1.081 -0.373
0.0152 0.01508 9.83251 1.1571444273 2.5007445812    1.098  2.188  3.6305  1.764    7  0.000  0.440     0.00     0.00 -1    -1e-30      0.00 6.905e-01 2.943e-01 2.197e-03 1.262e-03 6.660e-03 -1.000 1.523e-02 -0.701 0.521 -0.469 -0.841 -1.028 -1.120 -0.406
0.0152 0.01508 9.83251 1.1571501493 2.5007455349    1.098  2.170  3.6321  1.790    7  0.000  0.440     0.00     0.00 -1 -1.61e-30      0.00 6.905e-01 2.942e-01 2.197e-03 1.262e-03 6.660e-03 -1.000 1.524e-02 -0.654 0.551 -0.432 -0.800 -0.984 -1.074 -0.367
0.0152 0.01508 9.83251 1.1571542025 2.5007460117    1.098  2.153  3.6334  1.811    7  0.000  0.440     0.00     0.00 -1 -7.26e-29      0.00 6.905e-01 2.942e-01 2.197e-03 1.262e-03 6.660e-03 -1.000 1.532e-02 -0.614 0.578 -0.399 -0.764 -0.945 -1.035 -0.334
0.0152 0.01508 9.83251 1.1571631432 2.5007474422    1.098  2.132  3.6352  1.840    7  0.000  0.440     0.00     0.00 -1  -5.4e-26      0.00 6.905e-01 2.940e-01 2.197e-03 1.262e-03 6.660e-03 -1.000 1.546e-02 -0.559 0.613 -0.355 -0.715 -0.894 -0.982 -0.289
0.0152 0.01508 9.83251 1.1571817398 2.5007503033    1.098  2.128  3.6354  1.844    7  0.000  0.440     0.00     0.00 -1 -2.09e-22      0.00 6.905e-01 2.938e-01 2.197e-03 1.262e-03 6.660e-03 -1.000 1.564e-02 -0.551 0.619 -0.348 -0.707 -0.886 -0.974 -0.282
0.0152 0.01508 9.83251 1.1572805643 2.5007650852    1.098  2.140  3.6344  1.828    7  0.000  0.440     0.00     0.00 -1 -9.04e-11      0.00 6.905e-01 2.933e-01 2.197e-03 1.263e-03 6.660e-03 -1.000 1.623e-02 -0.580 0.600 -0.372 -0.734 -0.914 -1.003 -0.306
0.0152 0.01508 9.83251 1.1573452950 2.5007746220    1.097  2.181  3.6310  1.773    7  0.000  0.440     0.00     0.00 -1 -6.48e-10      0.00 6.905e-01 2.932e-01 2.197e-03 1.263e-03 6.660e-03 -1.000 1.627e-02 -0.682 0.534 -0.454 -0.825 -1.010 -1.102 -0.390
0.0152 0.01508 9.83251 1.1574000120 2.5007829666    1.096  2.226  3.6271  1.712    7  0.000  0.440     0.00     0.00 -1 -8.17e-10      0.00 6.905e-01 2.932e-01 2.196e-03 1.263e-03 6.660e-03 -1.000 1.627e-02 -0.795 0.463 -0.541 -0.924 -1.116 -1.212 -0.481
0.0152 0.01508 9.83251 1.1574466228 2.5007898808    1.095  2.270  3.6234  1.653    7  0.000  0.440     0.00     0.00 -1 -1.02e-09      0.00 6.905e-01 2.932e-01 2.196e-03 1.263e-03 6.660e-03 -1.000 1.627e-02 -0.905 0.393 -0.625 -1.020 -1.219 -1.318 -0.569
0.0152 0.01508 9.83251 1.1574856043 2.5007956028    1.095  2.313  3.6197  1.595    7  0.000  0.440     0.00     0.00 -1 -1.26e-09      0.00 6.905e-01 2.932e-01 2.196e-03 1.263e-03 6.660e-03 -1.000 1.627e-02 -1.012 0.324 -0.707 -1.113 -1.319 -1.422 -0.655
0.0152 0.01508 9.83251 1.1575186253 2.5008006096    1.094  2.355  3.6162  1.539    7  0.000  0.440     0.00     0.00 -1 -1.55e-09      0.00 6.905e-01 2.932e-01 2.196e-03 1.263e-03 6.660e-03 -1.000 1.627e-02 -1.116 0.258 -0.783 -1.202 -1.414 -1.522 -0.735
0.0152 0.01508 9.83251 1.1575474739 2.5008049011    1.093  2.396  3.6126  1.483    7  0.000  0.440     0.00     0.00 -1 -1.91e-09      0.00 6.905e-01 2.932e-01 2.196e-03 1.263e-03 6.660e-03 -1.000 1.627e-02 -1.219 0.197 -0.859 -1.291 -1.510 -1.622 -0.815
0.0152 0.01508 9.83251 1.1575654745 2.5008075237    1.092  2.424  3.6101  1.444    7  0.000  0.440     0.00     0.00 -1 -2.21e-09      0.00 6.905e-01 2.932e-01 2.196e-03 1.263e-03 6.660e-03 -1.000 1.627e-02 -1.291 0.159 -0.911 -1.353 -1.578 -1.694 -0.871
0.0152 0.01508 9.83251 1.1575800180 2.5008099079    1.091  2.450  3.6079  1.410    7  0.000  0.440     0.00     0.00 -1 -2.51e-09      0.00 6.905e-01 2.932e-01 2.196e-03 1.263e-03 6.660e-03 -1.000 1.627e-02 -1.354 0.128 -0.953 -1.407 -1.638 -1.757 -0.917
0.0152 0.01508 9.83251 1.1576009989 2.5008130074    1.090  2.490  3.6044  1.355    7  0.000  0.440     0.00     0.00 -1 -3.07e-09      0.00 6.905e-01 2.932e-01 2.196e-03 1.263e-03 6.660e-03 -1.000 1.627e-02 -1.454 0.080 -1.020 -1.493 -1.733 -1.857 -0.991
0.0152 0.01508 9.83251 1.1576201916 2.5008158684    1.089  2.530  3.6009  1.301    7  0.000  0.440     0.00     0.00 -1 -3.71e-09      0.00 6.905e-01 2.932e-01 2.196e-03 1.263e-03 6.660e-03 -1.000 1.627e-02 -1.554 0.032 -1.086 -1.578 -1.827 -1.956 -1.065
0.0152 0.01508 9.83251 1.1576380730 2.5008184910    1.087  2.569  3.5960  1.241    7  0.000  0.439     0.00     0.00 -1  -4.5e-09      0.00 6.905e-01 2.932e-01 2.195e-03 1.263e-03 6.660e-03 -1.000 1.627e-02 -1.653 0.011 -1.127 -1.654 -1.917 -2.054 -1.121
0.0152 0.01508 9.83251 1.1576550007 2.5008211136    1.085  2.609  3.5901  1.177    7  0.000  0.439     0.00     0.00 -1 -5.51e-09      0.00 6.905e-01 2.933e-01 2.194e-03 1.264e-03 6.660e-03 -1.000 1.625e-02 -1.752 0.005 -1.156 -1.724 -2.006 -2.153 -1.168
0.0152 0.01508 9.83251 1.1576708555 2.5008234978    1.083  2.648  3.5856  1.119    7  0.000  0.439     0.00     0.00 -1 -6.64e-09      0.00 6.905e-01 2.933e-01 2.191e-03 1.266e-03 6.660e-03 -1.000 1.623e-02 -1.849 -0.010 -1.185 -1.796 -2.095 -2.250 -1.218
0.0152 0.01508 9.83251 1.1576857567 2.5008256435    1.081  2.686  3.5819  1.065    7  0.000  0.438     0.00     0.00 -1    -8e-09      0.00 6.905e-01 2.933e-01 2.187e-03 1.271e-03 6.660e-03 -1.000 1.623e-02 -1.946 -0.040 -1.228 -1.872 -2.185 -2.347 -1.277
0.0152 0.01508 9.83251 1.1576998234 2.5008277893    1.078  2.725  3.5781  1.010    7  0.000  0.437     0.00     0.00 -1 -9.65e-09      0.00 6.905e-01 2.933e-01 2.181e-03 1.277e-03 6.660e-03 -1.000 1.623e-02 -2.042 -0.060 -1.256 -1.944 -2.274 -2.443 -1.328
0.0152 0.01508 9.83251 1.1577138901 2.5008296967    1.075  2.764  3.5741  0.953    7  0.000  0.435     0.00     0.00 -1 -1.17e-08      0.00 6.905e-01 2.933e-01 2.176e-03 1.284e-03 6.660e-03 -1.000 1.623e-02 -2.141 -0.071 -1.273 -2.015 -2.364 -2.542 -1.374
0.0152 0.01508 9.83251 1.1577262878 2.5008316040    1.072  2.805  3.5699  0.894    7  0.000  0.434     0.00     0.00 -1 -1.42e-08      0.00 6.905e-01 2.933e-01 2.170e-03 1.291e-03 6.660e-03 -1.000 1.623e-02 -2.243 -0.079 -1.289 -2.088 -2.457 -2.645 -1.421
0.0152 0.01508 9.83251 1.1577352285 2.5008330345    1.069  2.844  3.5658  0.838    7  0.000  0.433     0.00     0.00 -1 -1.69e-08      0.00 6.905e-01 2.933e-01 2.166e-03 1.296e-03 6.660e-03 -1.000 1.623e-02 -2.339 -0.067 -1.276 -2.148 -2.542 -2.741 -1.451
0.0152 0.01508 9.83251 1.1577411890 2.5008339882    1.067  2.880  3.5619  0.786    7  0.000  0.433     0.00     0.00 -1    -2e-08      0.00 6.905e-01 2.933e-01 2.162e-03 1.301e-03 6.660e-03 -1.000 1.623e-02 -2.429 -0.054 -1.262 -2.204 -2.621 -2.831 -1.478
0.0152 0.01508 9.83251 1.1577460766 2.5008347034    1.064  2.917  3.5577  0.731    7  0.000  0.432     0.00     0.00 -1 -2.38e-08      0.00 6.905e-01 2.933e-01 2.158e-03 1.305e-03 6.660e-03 -1.000 1.623e-02 -2.522 -0.026 -1.229 -2.256 -2.699 -2.922 -1.497
0.0152 0.01508 9.83251 1.1577504873 2.5008351803    1.062  2.954  3.5534  0.676    7  0.000  0.431     0.00     0.00 -1 -2.81e-08      0.00 6.905e-01 2.933e-01 2.156e-03 1.309e-03 6.660e-03 -1.000 1.623e-02 -2.615 0.017 -1.180 -2.302 -2.774 -3.012 -1.508
0.0152 0.01508 9.83251 1.1577546597 2.5008358955    1.059  2.991  3.5491  0.621    7  0.000  0.431     0.00     0.00 -1 -3.33e-08      0.00 6.905e-01 2.933e-01 2.153e-03 1.312e-03 6.660e-03 -1.000 1.623e-02 -2.707 0.067 -1.122 -2.344 -2.845 -3.101 -1.515
0.0152 0.01508 9.83251 1.1577583551 2.5008363724    1.056  3.025  3.5450  0.569    7  0.000  0.431     0.00     0.00 -1  -3.9e-08      0.00 6.905e-01 2.933e-01 2.152e-03 1.314e-03 6.660e-03 -1.000 1.623e-02 -2.793 0.139 -1.044 -2.371 -2.903 -3.180 -1.507
0.0152 0.01508 9.83251 1.1577618122 2.5008370876    1.053  3.060  3.5407  0.516    7  0.000  0.430     0.00     0.00 -1 -4.58e-08      0.00 6.905e-01 2.933e-01 2.150e-03 1.315e-03 6.660e-03 -1.000 1.620e-02 -2.879 0.216 -0.959 -2.396 -2.961 -3.260 -1.496
0.0152 0.01508 9.83251 1.1577661037 2.5008375645    1.048  3.101  3.5355  0.452    7  0.000  0.430     0.00     0.00 -1 -5.52e-08      0.00 6.905e-01 2.933e-01 2.149e-03 1.316e-03 6.660e-03 -1.000 1.617e-02 -2.982 0.353 -0.820 -2.406 -3.013 -3.349 -1.462
0.0152 0.01508 9.83251 1.1577702761 2.5008382797    1.043  3.137  3.5306  0.394    7  0.000  0.430     0.00     0.00 -1 -6.55e-08      0.00 6.905e-01 2.933e-01 2.149e-03 1.316e-03 6.660e-03 -1.000 1.617e-02 -3.073 0.490 -0.682 -2.408 -3.055 -3.425 -1.423
0.0152 0.01508 9.83251 1.1577750444 2.5008389950    1.036  3.174  3.5254  0.332    7  0.000  0.430     0.00     0.00 -1 -7.82e-08      0.00 6.905e-01 2.933e-01 2.149e-03 1.316e-03 6.660e-03 -1.000 1.617e-02 -3.166 0.685 -0.505 -2.379 -3.068 -3.491 -1.355
0.0152 0.01508 9.83251 1.1577796936 2.5008397102    1.027  3.204  3.5211  0.282    7  0.000  0.430     0.00     0.00 -1 -9.04e-08      0.00 6.905e-01 2.933e-01 2.149e-03 1.316e-03 6.660e-03 -1.000 1.617e-02 -3.240 0.859 -0.348 -2.347 -3.071 -3.539 -1.292
0.0152 0.01508 9.83251 1.1577819586 2.5008399487    1.023  3.226  3.5180  0.246    7  0.000  0.430     0.00     0.00 -1 -9.99e-08      0.00 6.905e-01 2.933e-01 2.149e-03 1.316e-03 6.660e-03 -1.000 1.617e-02 -3.294 1.003 -0.220 -2.311 -3.060 -3.566 -1.235
0.0152 0.01508 9.83251 1.1577827930 2.5008401871    1.021  3.247  3.5150  0.212    7  0.000  0.430     0.00     0.00 -1  -1.1e-07      0.00 6.905e-01 2.933e-01 2.149e-03 1.316e-03 6.660e-03 -1.000 1.617e-02 -3.348 1.161 -0.079 -2.265 -3.039 -3.586 -1.168
0.0152 0.01508 9.83251 1.1577836275 2.5008401871    1.019  3.239  3.5161  0.224    7  0.000  0.430     0.00     0.00 -1 -1.07e-07      0.00 6.905e-01 2.933e-01 2.149e-03 1.316e-03 6.660e-03 -1.000 1.617e-02 -3.327 1.105 -0.128 -2.280 -3.045 -3.577 -1.190
0.0152 0.01508 9.83251 1.1577841043 2.5008404255    1.017  3.132  3.5299  0.385    7  0.000  0.430     0.00     0.00 -1 -6.89e-08      0.00 6.905e-01 2.933e-01 2.149e-03 1.317e-03 6.660e-03 -1.000 1.617e-02 -3.061 0.539 -0.633 -2.381 -3.034 -3.411 -1.390
0.0152 0.01508 9.83251 1.1577842236 2.5008404255    1.017  3.139  3.5290  0.375    7  0.000  0.430     0.00     0.00 -1 -7.09e-08      0.00 6.905e-01 2.933e-01 2.149e-03 1.317e-03 6.660e-03 -1.000 1.617e-02 -3.077 0.568 -0.607 -2.378 -3.038 -3.423 -1.381
0.0152 0.01508 9.83251 1.1577843428 2.5008404255    1.017  3.145  3.5283  0.365    7  0.000  0.430     0.00     0.00 -1 -7.29e-08      0.00 6.905e-01 2.933e-01 2.149e-03 1.317e-03 6.660e-03 -1.000 1.617e-02 -3.094 0.596 -0.583 -2.375 -3.042 -3.434 -1.372
0.0152 0.01508 9.83251 1.1577844620 2.5008404255    1.017  3.153  3.5273  0.354    7  0.000  0.430     0.00     0.00 -1 -7.52e-08      0.00 6.905e-01 2.933e-01 2.149e-03 1.317e-03 6.660e-03 -1.000 1.617e-02 -3.112 0.631 -0.552 -2.371 -3.045 -3.448 -1.362
0.0152 0.01508 9.83251 1.1577845812 2.5008404255    1.017  3.167  3.5255  0.332    7  0.000  0.430     0.00     0.00 -1 -7.98e-08      0.00 6.905e-01 2.933e-01 2.149e-03 1.317e-03 6.660e-03 -1.000 1.617e-02 -3.148 0.701 -0.489 -2.362 -3.051 -3.473 -1.339
0.0152 0.01508 9.83251 1.1577848196 2.5008404255    1.016  3.174  3.5246  0.321    7  0.000  0.430     0.00     0.00 -1 -8.26e-08      0.00 6.905e-01 2.933e-01 2.149e-03 1.317e-03 6.660e-03 -1.000 1.617e-02 -3.165 0.736 -0.458 -2.357 -3.053 -3.484 -1.327
0.0152 0.01508 9.83251 1.1577850580 2.5008404255    1.016  3.202  3.5208  0.278    7  0.000  0.430     0.00     0.00 -1 -9.27e-08      0.00 6.905e-01 2.933e-01 2.149e-03 1.317e-03 6.660e-03 -1.000 1.617e-02 -3.236 0.882 -0.326 -2.334 -3.062 -3.533 -1.277
0.0152 0.01508 9.83251 1.1577852964 2.5008404255    1.015  3.235  3.5164  0.227    7  0.000  0.430     0.00     0.00 -1 -1.06e-07      0.00 6.905e-01 2.933e-01 2.149e-03 1.317e-03 6.660e-03 -1.000 1.617e-02 -3.318 1.095 -0.136 -2.280 -3.042 -3.571 -1.192
0.0152 0.01508 9.83251 1.1577855349 2.5008404255    1.015  3.267  3.5119  0.176    7  0.000  0.430     0.00     0.00 -1 -1.22e-07      0.00 6.905e-01 2.933e-01 2.149e-03 1.317e-03 6.660e-03 -1.000 1.617e-02 -3.399 1.326 0.069 -2.215 -3.013 -3.602 -1.097
0.0152 0.01508 9.83251 1.1577858925 2.5008406639    1.014  3.302  3.5069  0.121    7  0.000  0.430     0.00     0.00 -1  -1.4e-07      0.00 6.905e-01 2.933e-01 2.149e-03 1.317e-03 6.660e-03 -1.000 1.617e-02 -3.485 1.551 0.262 -2.148 -2.983 -3.633 -1.003
0.0152 0.01508 9.83251 1.1577862501 2.5008406639    1.013  3.332  3.5025  0.073    7  0.000  0.430     0.00     0.00 -1 -1.58e-07      0.00 6.905e-01 2.933e-01 2.149e-03 1.317e-03 6.660e-03 -1.000 1.617e-02 -3.561 1.749 0.427 -2.084 -2.950 -3.654 -0.916
0.0152 0.01508 9.83251 1.1577867270 2.5008406639    1.011  3.362  3.4981  0.026    7  0.527  0.430     0.00     0.00 -1  -1.8e-07      0.00 6.905e-01 2.933e-01 2.149e-03 1.317e-03 6.660e-03 -1.000 1.617e-02 -3.634 1.945 0.584 -2.012 -2.911 -3.667 -0.826
0.0152 0.01508 9.83251 1.1577872038 2.5008406639    1.009  3.390  3.4937 -0.021    7  0.523  0.430     0.00     0.00 -1 -2.03e-07      0.00 6.905e-01 2.933e-01 2.149e-03 1.317e-03 6.660e-03 -1.000 1.617e-02 -3.705 2.125 0.718 -1.940 -2.871 -3.674 -0.740
0.0152 0.01508 9.83251 1.1577879190 2.5008409023    1.005  3.416  3.4895 -0.065    7  0.524  0.430     0.00     0.00 -1 -2.25e-07      0.00 6.905e-01 2.933e-01 2.149e-03 1.317e-03 6.660e-03 -1.000 1.617e-02 -3.769 2.291 0.840 -1.871 -2.832 -3.679 -0.659
0.0152 0.01508 9.83251 1.1577880383 2.5008409023    1.005  3.416  3.4895 -0.065    8  0.524  0.451   198.84    95.50  0 -2.26e-07      0.00 6.905e-01 2.944e-01 2.258e-03 1.319e-03 6.676e-03 -1.000 1.515e-02 -3.769 2.291 0.840 -1.871 -2.832 -3.679 -0.659
0.0152 0.01508 9.83251 1.1577881575 2.5008409023    1.004  3.150  3.5265  0.348    8  0.524  0.451    81.57    44.20  1  -7.7e-08      0.00 6.905e-01 2.944e-01 2.258e-03 1.319e-03 6.676e-03 -1.000 1.515e-02 -3.105 0.686 -0.499 -2.343 -3.024 -3.436 -1.327
0.0152 0.01508 9.83251 1.1577881575 2.5008409023    1.004  3.033  3.5424  0.529    8  0.524  0.451    55.18    31.53  1  -4.7e-08      0.00 6.905e-01 2.944e-01 2.258e-03 1.319e-03 6.676e-03 -1.000 1.515e-02 -2.811 0.221 -0.958 -2.352 -2.904 -3.195 -1.466
0.0152 0.01508 9.83251 1.1577883959 2.5008409023    1.003  2.861  3.5656  0.793    8  0.524  0.451    31.24    19.27  1 -2.24e-08      0.00 6.905e-01 2.944e-01 2.258e-03 1.319e-03 6.676e-03 -1.000 1.515e-02 -2.383 -0.101 -1.316 -2.191 -2.585 -2.784 -1.492
0.0152 0.01508 9.83251 1.1577886343 2.5008409023    1.002  2.884  3.5621  0.755    8  0.525  0.451    33.87    20.67  1  -2.5e-08      0.00 6.905e-01 2.944e-01 2.258e-03 1.319e-03 6.676e-03 -1.000 1.515e-02 -2.441 -0.070 -1.283 -2.219 -2.634 -2.842 -1.495
0.0152 0.01508 9.83251 1.1577889919 2.5008411407    1.000  3.008  3.5449  0.561    8  0.525  0.451    51.44    29.64  1 -4.29e-08      0.00 6.905e-01 2.944e-01 2.258e-03 1.319e-03 6.676e-03 -1.000 1.515e-02 -2.751 0.187 -0.997 -2.327 -2.861 -3.138 -1.462
0.0152 0.01508 9.83251 1.1577894688 2.5008411407    0.998  3.167  3.5228  0.313    8  0.525  0.451    87.80    47.03  1  -8.4e-08      0.00 6.905e-01 2.944e-01 2.258e-03 1.319e-03 6.676e-03 -1.000 1.515e-02 -3.148 0.850 -0.349 -2.297 -3.007 -3.457 -1.254
0.0152 0.01508 9.83251 1.1577899456 2.5008411407    0.996  3.299  3.5044  0.107    8  0.525  0.451   136.92    69.02  0 -1.45e-07      0.00 6.905e-01 2.944e-01 2.258e-03 1.319e-03 6.676e-03 -1.000 1.515e-02 -3.476 1.706 0.401 -2.063 -2.915 -3.595 -0.906
0.0152 0.01508 9.83251 1.1577905416 2.5008413792    0.993  3.383  3.4924 -0.026    8  0.525  0.451   182.53    88.44  0 -2.04e-07      0.00 6.905e-01 2.944e-01 2.258e-03 1.319e-03 6.676e-03 -1.000 1.515e-02 -3.687 2.215 0.796 -1.879 -2.819 -3.637 -0.675
0.0152 0.01508 9.83251 1.1577912569 2.5008413792    0.990  3.426  3.4858 -0.097    8  0.526  0.451   212.45   100.76  0 -2.45e-07      0.00 6.905e-01 2.944e-01 2.258e-03 1.319e-03 6.676e-03 -1.000 1.515e-02 -3.794 2.390 0.894 -1.810 -2.793 -3.661 -0.596
0.0152 0.01508 9.83251 1.1577920914 2.5008416176    0.986  3.444  3.4825 -0.130    8  0.526  0.451   228.36   107.16  0 -2.66e-07      0.00 6.905e-01 2.944e-01 2.258e-03 1.319e-03 6.676e-03 -1.000 1.515e-02 -3.841 2.458 0.921 -1.778 -2.781 -3.668 -0.562
0.0152 0.01508 9.83251 1.1577929258 2.5008416176    0.982  3.454  3.4818 -0.145    8  0.526  0.451   235.48   109.93  0 -2.81e-07      0.00 6.905e-01 2.944e-01 2.258e-03 1.319e-03 6.676e-03 -1.000 1.515e-02 -3.866 2.464 0.916 -1.783 -2.792 -3.683 -0.567
0.0152 0.01508 9.83251 1.1577929258 2.5008416176    0.982  3.251  3.5080  0.163    8  0.526  0.451   121.28    61.94  0 -1.24e-07      0.00 6.905e-01 2.944e-01 2.258e-03 1.319e-03 6.676e-03 -1.000 1.515e-02 -3.358 1.604 0.327 -2.055 -2.881 -3.519 -0.915
0.0152 0.01508 9.83251 1.1577930450 2.5008416176    0.982  3.079  3.5315  0.429    8  0.527  0.451    68.27    37.69  1 -6.07e-08      0.00 6.905e-01 2.944e-01 2.258e-03 1.319e-03 6.676e-03 -1.000 1.515e-02 -2.927 0.592 -0.577 -2.276 -2.916 -3.281 -1.299
0.0152 0.01508 9.83251 1.1577932835 2.5008416176    0.981  2.907  3.5548  0.694    8  0.527  0.451    38.58    23.00  1 -2.93e-08      0.00 6.905e-01 2.944e-01 2.258e-03 1.319e-03 6.676e-03 -1.000 1.515e-02 -2.498 0.091 -1.108 -2.200 -2.662 -2.896 -1.417
0.0152 0.01508 9.83251 1.1577935219 2.5008416176    0.979  2.930  3.5516  0.658    8  0.527  0.451    41.69    24.59  1 -3.24e-08      0.00 6.905e-01 2.944e-01 2.258e-03 1.319e-03 6.676e-03 -1.000 1.515e-02 -2.554 0.135 -1.058 -2.221 -2.705 -2.950 -1.412
0.0152 0.01508 9.83251 1.1577937603 2.5008418560    0.977  3.051  3.5348  0.468    8  0.527  0.451    62.76    35.01  1 -5.48e-08      0.00 6.905e-01 2.944e-01 2.258e-03 1.319e-03 6.676e-03 -1.000 1.515e-02 -2.859 0.503 -0.667 -2.270 -2.882 -3.223 -1.321
0.0152 0.01508 9.83251 1.1577942371 2.5008418560    0.975  3.207  3.5133  0.225    8  0.527  0.451   105.96    55.02  0 -1.05e-07      0.00 6.905e-01 2.944e-01 2.258e-03 1.319e-03 6.676e-03 -1.000 1.515e-02 -3.248 1.368 0.123 -2.111 -2.897 -3.468 -1.003
0.0152 0.01508 9.83251 1.1577947140 2.5008418560    0.972  3.336  3.4953  0.023    8  0.527  0.451   163.65    80.06  0 -1.79e-07      0.00 6.905e-01 2.944e-01 2.258e-03 1.319e-03 6.676e-03 -1.000 1.515e-02 -3.569 2.148 0.764 -1.864 -2.781 -3.566 -0.671
0.0152 0.01508 9.83251 1.1577951908 2.5008418560    0.969  3.417  3.4837 -0.106    8  0.528  0.451   216.35   101.82  0  -2.5e-07      0.00 6.905e-01 2.944e-01 2.258e-03 1.319e-03 6.676e-03 -1.000 1.515e-02 -3.774 2.474 0.955 -1.743 -2.738 -3.617 -0.529
0.0152 0.01508 9.83251 1.1577959061 2.5008420944    0.966  3.459  3.4776 -0.173    8  0.528  0.451   249.93   115.24  0 -2.97e-07      0.00 6.905e-01 2.944e-01 2.258e-03 1.319e-03 6.676e-03 -1.000 1.515e-02 -3.876 2.572 0.986 -1.708 -2.740 -3.650 -0.491
0.0152 0.01508 9.83251 1.1577965021 2.5008420944    0.962  3.476  3.4748 -0.203    8  0.528  0.451   266.67   121.76  0 -3.21e-07      0.00 6.905e-01 2.944e-01 2.258e-03 1.319e-03 6.676e-03 -1.000 1.515e-02 -3.919 2.609 1.000 -1.694 -2.742 -3.664 -0.476
0.0152 0.01508 9.83251 1.1577973366 2.5008423328    0.958  3.484  3.4752 -0.212    8  0.529  0.451   271.46   123.50  0 -3.39e-07      0.00 6.905e-01 2.944e-01 2.258e-03 1.319e-03 6.676e-03 -1.000 1.515e-02 -3.940 2.587 0.978 -1.718 -2.766 -3.687 -0.500
0.0152 0.01508 9.83251 1.1577973366 2.5008423328    0.957  3.288  3.5004  0.084    8  0.529  0.451   143.25    71.06  0 -1.54e-07      0.00 6.905e-01 2.944e-01 2.258e-03 1.319e-03 6.676e-03 -1.000 1.515e-02 -3.451 1.968 0.635 -1.914 -2.794 -3.522 -0.738
0.0152 0.01508 9.83251 1.1577974558 2.5008423328    0.957  3.117  3.5243  0.351    8  0.529  0.451    80.62    43.23  1 -7.69e-08      0.00 6.905e-01 2.944e-01 2.258e-03 1.319e-03 6.676e-03 -1.000 1.515e-02 -3.023 0.886 -0.304 -2.207 -2.905 -3.340 -1.176
0.0152 0.01508 9.83251 1.1577976942 2.5008423328    0.955  2.946  3.5481  0.617    8  0.529  0.451    45.42    26.31  1 -3.75e-08      0.00 6.905e-01 2.944e-01 2.258e-03 1.319e-03 6.676e-03 -1.000 1.515e-02 -2.595 0.218 -0.969 -2.217 -2.726 -2.987 -1.379
0.0152 0.01508 9.83251 1.1577979326 2.5008423328    0.953  2.969  3.5448  0.580    8  0.529  0.451    49.19    28.18  1 -4.16e-08      0.00 6.905e-01 2.944e-01 2.258e-03 1.319e-03 6.676e-03 -1.000 1.515e-02 -2.652 0.287 -0.893 -2.226 -2.760 -3.039 -1.361
0.0152 0.01508 9.83251 1.1577982903 2.5008423328    0.951  3.089  3.5277  0.390    8  0.530  0.451    74.07    40.11  1 -6.97e-08      0.00 6.905e-01 2.944e-01 2.258e-03 1.319e-03 6.676e-03 -1.000 1.515e-02 -2.953 0.760 -0.416 -2.222 -2.892 -3.291 -1.216
0.0152 0.01508 9.83251 1.1577986479 2.5008425713    0.948  3.243  3.5059  0.147    8  0.530  0.451   124.97    62.99  0 -1.32e-07      0.00 6.905e-01 2.944e-01 2.258e-03 1.319e-03 6.676e-03 -1.000 1.515e-02 -3.338 1.743 0.452 -1.973 -2.814 -3.476 -0.824
0.0152 0.01508 9.83251 1.1577992439 2.5008425713    0.944  3.370  3.4876 -0.055    8  0.530  0.451   193.12    91.67  0 -2.23e-07      0.00 6.905e-01 2.944e-01 2.258e-03 1.319e-03 6.676e-03 -1.000 1.515e-02 -3.656 2.447 0.979 -1.722 -2.692 -3.548 -0.510
0.0152 0.01508 9.83251 1.1577997208 2.5008425713    0.940  3.451  3.4757 -0.185    8  0.531  0.451   255.86   116.77  0 -3.11e-07      0.00 6.905e-01 2.944e-01 2.258e-03 1.319e-03 6.676e-03 -1.000 1.515e-02 -3.859 2.637 1.037 -1.655 -2.697 -3.615 -0.438
0.0152 0.01508 9.83251 1.1578004360 2.5008428097    0.936  3.493  3.4694 -0.254    8  0.531  0.451   296.71   132.54  0  -3.7e-07      0.00 6.905e-01 2.944e-01 2.258e-03 1.319e-03 6.676e-03 -1.000 1.515e-02 -3.962 2.712 1.062 -1.631 -2.711 -3.652 -0.411
0.0152 0.01508 9.83251 1.1578011513 2.5008428097    0.931  3.511  3.4663 -0.287    8  0.531  0.451   318.25   140.60  0 -4.03e-07      0.01 6.905e-01 2.944e-01 2.258e-03 1.319e-03 6.676e-03 -1.000 1.515e-02 -4.007 2.740 1.077 -1.622 -2.720 -3.670 -0.401
0.0152 0.01508 9.83251 1.1578019857 2.5008430481    0.925  3.520  3.4667 -0.297    8  0.532  0.451   325.38   143.08  0 -4.29e-07      0.01 6.905e-01 2.944e-01 2.258e-03 1.319e-03 6.676e-03 -1.000 1.515e-02 -4.030 2.722 1.056 -1.645 -2.743 -3.693 -0.424
0.0152 0.01508 9.83251 1.1578019857 2.5008430481    0.924  3.334  3.4911 -0.013    8  0.532  0.451   176.29    84.22  0 -2.04e-07      0.00 6.905e-01 2.944e-01 2.258e-03 1.319e-03 6.676e-03 -1.000 1.515e-02 -3.564 2.390 0.963 -1.723 -2.670 -3.499 -0.516
0.0152 0.01508 9.83251 1.1578021049 2.5008430481    0.923  3.163  3.5154  0.253    8  0.532  0.451    99.15    51.20  0 -1.03e-07      0.00 6.905e-01 2.944e-01 2.258e-03 1.319e-03 6.676e-03 -1.000 1.515e-02 -3.139 1.328 0.096 -2.071 -2.840 -3.382 -0.978
0.0152 0.01508 9.83251 1.1578023434 2.5008430481    0.921  2.992  3.5398  0.521    8  0.532  0.451    55.60    31.03  1  -5.1e-08      0.00 6.905e-01 2.944e-01 2.258e-03 1.319e-03 6.676e-03 -1.000 1.515e-02 -2.711 0.420 -0.752 -2.214 -2.785 -3.090 -1.306
0.0152 0.01508 9.83251 1.1578025818 2.5008430481    0.919  3.015  3.5364  0.484    8  0.532  0.451    60.26    33.24  1 -5.66e-08      0.00 6.905e-01 2.944e-01 2.258e-03 1.319e-03 6.676e-03 -1.000 1.515e-02 -2.767 0.521 -0.650 -2.207 -2.807 -3.136 -1.272
0.0152 0.01508 9.83251 1.1578030586 2.5008430481    0.915  3.133  3.5192  0.296    8  0.533  0.451    90.49    47.19  1 -9.34e-08      0.00 6.905e-01 2.944e-01 2.258e-03 1.319e-03 6.676e-03 -1.000 1.515e-02 -3.062 1.148 -0.063 -2.115 -2.854 -3.346 -1.047
0.0152 0.01508 9.83251 1.1578034163 2.5008432865    0.911  3.283  3.4971  0.055    8  0.533  0.451   151.98    73.78  0 -1.74e-07      0.00 6.905e-01 2.944e-01 2.258e-03 1.319e-03 6.676e-03 -1.000 1.515e-02 -3.437 2.171 0.807 -1.794 -2.697 -3.461 -0.606
0.0152 0.01508 9.83251 1.1578040123 2.5008432865    0.906  3.407  3.4786 -0.145    8  0.534  0.451   234.01   106.97  0 -2.89e-07      0.00 6.905e-01 2.944e-01 2.258e-03 1.319e-03 6.676e-03 -1.000 1.515e-02 -3.747 2.660 1.086 -1.604 -2.629 -3.534 -0.388
0.0152 0.01508 9.83251 1.1578046083 2.5008432865    0.900  3.486  3.4666 -0.275    8  0.534  0.451   309.36   135.90  0    -4e-07      0.01 6.905e-01 2.944e-01 2.258e-03 1.319e-03 6.676e-03 -1.000 1.515e-02 -3.944 2.790 1.130 -1.568 -2.662 -3.612 -0.347
0.0152 0.01508 9.83251 1.1578054428 2.5008435249    0.894  3.525  3.4602 -0.343    8  0.535  0.451   358.41   154.00  0 -4.76e-07      0.01 6.905e-01 2.944e-01 2.258e-03 1.319e-03 6.676e-03 -1.000 1.515e-02 -4.043 2.850 1.157 -1.553 -2.684 -3.651 -0.329
0.0152 0.01508 9.83251 1.1578061581 2.5008435249    0.887  3.542  3.4571 -0.376    8  0.535  0.451   384.37   163.18  0 -5.19e-07      0.01 6.905e-01 2.944e-01 2.258e-03 1.319e-03 6.676e-03 -1.000 1.515e-02 -4.085 2.883 1.187 -1.546 -2.696 -3.670 -0.319
0.0152 0.01508 9.83251 1.1578071117 2.5008437634    0.879  3.550  3.4581 -0.384    8  0.536  0.451   390.67   165.02  0 -5.56e-07      0.01 6.905e-01 2.944e-01 2.258e-03 1.319e-03 6.676e-03 -1.000 1.515e-02 -4.105 2.859 1.156 -1.573 -2.719 -3.693 -0.346
0.0152 0.01508 9.83251 1.1578071117 2.5008437634    0.878  3.374  3.4812 -0.116    8  0.536  0.451   219.32   100.16  0 -2.78e-07      0.00 6.905e-01 2.944e-01 2.258e-03 1.319e-03 6.676e-03 -1.000 1.515e-02 -3.666 2.659 1.111 -1.579 -2.588 -3.481 -0.364
0.0152 0.01508 9.83251 1.1578072309 2.5008437634    0.876  3.206  3.5060  0.151    8  0.536  0.451   123.32    60.85  0 -1.43e-07      0.00 6.905e-01 2.944e-01 2.258e-03 1.319e-03 6.676e-03 -1.000 1.515e-02 -3.245 1.827 0.537 -1.885 -2.724 -3.385 -0.737
0.0152 0.01508 9.83251 1.1578074694 2.5008437634    0.873  3.035  3.5312  0.421    8  0.536  0.451    68.83    36.72  1  -7.2e-08      0.00 6.905e-01 2.944e-01 2.258e-03 1.319e-03 6.676e-03 -1.000 1.515e-02 -2.818 0.714 -0.456 -2.163 -2.805 -3.172 -1.184
0.0152 0.01508 9.83251 1.1578078270 2.5008437634    0.869  3.057  3.5276  0.382    8  0.536  0.451    74.82    39.40  1 -8.01e-08      0.00 6.905e-01 2.944e-01 2.258e-03 1.319e-03 6.676e-03 -1.000 1.515e-02 -2.873 0.850 -0.328 -2.138 -2.809 -3.210 -1.131
0.0152 0.01508 9.83251 1.1578081846 2.5008440018    0.863  3.172  3.5099  0.193    8  0.537  0.451   112.41    55.90  0 -1.31e-07      0.00 6.905e-01 2.944e-01 2.258e-03 1.319e-03 6.676e-03 -1.000 1.515e-02 -3.161 1.691 0.427 -1.912 -2.725 -3.342 -0.782
0.0152 0.01508 9.83251 1.1578086615 2.5008440018    0.856  3.319  3.4872 -0.047    8  0.537  0.451   188.70    87.25  0  -2.4e-07      0.00 6.905e-01 2.944e-01 2.258e-03 1.319e-03 6.676e-03 -1.000 1.515e-02 -3.527 2.582 1.111 -1.587 -2.558 -3.415 -0.375
0.0152 0.01508 9.83251 1.1578092575 2.5008440018    0.848  3.440  3.4682 -0.248    8  0.538  0.451   290.96   126.46  0 -3.95e-07      0.01 6.905e-01 2.944e-01 2.258e-03 1.319e-03 6.676e-03 -1.000 1.515e-02 -3.829 2.861 1.210 -1.483 -2.568 -3.512 -0.263
0.0152 0.01508 9.83251 1.1578099728 2.5008442402    0.839  3.516  3.4557 -0.379    8  0.538  0.451   385.92   160.82  0 -5.46e-07      0.01 6.905e-01 2.944e-01 2.258e-03 1.319e-03 6.676e-03 -1.000 1.515e-02 -4.020 2.973 1.278 -1.464 -2.620 -3.597 -0.236
0.0152 0.01508 9.83251 1.1578106880 2.5008442402    0.829  3.554  3.4490 -0.450    8  0.539  0.451   449.15   182.54  0 -6.54e-07      0.01 6.905e-01 2.944e-01 2.258e-03 1.319e-03 6.676e-03 -1.000 1.515e-02 -4.115 3.050 1.351 -1.450 -2.647 -3.641 -0.213
0.0152 0.01508 9.83251 1.1578115225 2.5008444786    0.817  3.570  3.4458 -0.485    8  0.539  0.451   484.15   193.76  0 -7.23e-07      0.02 6.905e-01 2.944e-01 2.258e-03 1.319e-03 6.676e-03 -1.000 1.515e-02 -4.155 3.090 1.398 -1.443 -2.659 -3.660 -0.201
0.0152 0.01508 9.83251 1.1578124762 2.5008444786    0.805  3.578  3.4517 -0.475    8  0.540  0.451   474.48   189.26  0 -8.08e-07      0.02 6.905e-01 2.944e-01 2.258e-03 1.319e-03 6.676e-03 -1.000 1.515e-02 -4.175 2.987 1.268 -1.520 -2.710 -3.702 -0.284
0.0152 0.01508 9.83251 1.1578124762 2.5008444786    0.804  3.414  3.4694 -0.241    8  0.540  0.451   286.29   122.22  0 -4.19e-07      0.01 6.905e-01 2.944e-01 2.258e-03 1.319e-03 6.676e-03 -1.000 1.515e-02 -3.765 2.904 1.255 -1.436 -2.515 -3.456 -0.217
0.0152 0.01508 9.83251 1.1578125954 2.5008444786    0.800  3.248  3.4948  0.025    8  0.540  0.451   161.16    74.26  0 -2.21e-07      0.00 6.905e-01 2.944e-01 2.258e-03 1.319e-03 6.676e-03 -1.000 1.515e-02 -3.349 2.395 1.006 -1.629 -2.549 -3.338 -0.433
0.0152 0.01508 9.83251 1.1578128338 2.5008447170    0.795  3.077  3.5207  0.296    8  0.541  0.451    89.80    44.67  0 -1.14e-07      0.00 6.905e-01 2.944e-01 2.258e-03 1.319e-03 6.676e-03 -1.000 1.515e-02 -2.922 1.199 -0.008 -2.017 -2.745 -3.218 -0.959
0.0152 0.01508 9.83251 1.1578131914 2.5008447170    0.787  3.098  3.5155  0.250    8  0.541  0.451    99.27    48.51  0 -1.27e-07      0.00 6.905e-01 2.944e-01 2.258e-03 1.319e-03 6.676e-03 -1.000 1.515e-02 -2.976 1.485 0.252 -1.912 -2.681 -3.220 -0.820
0.0152 0.01508 9.83251 1.1578135490 2.5008447170    0.777  3.210  3.4953  0.051    8  0.541  0.451   152.29    69.85  0 -2.06e-07      0.00 6.905e-01 2.944e-01 2.258e-03 1.319e-03 6.676e-03 -1.000 1.515e-02 -3.256 2.442 1.062 -1.560 -2.474 -3.257 -0.367
0.0152 0.01508 9.83251 1.1578140259 2.5008447170    0.765  3.352  3.4697 -0.200    8  0.542  0.451   261.91   110.83  0 -3.72e-07      0.01 6.905e-01 2.944e-01 2.258e-03 1.319e-03 6.676e-03 -1.000 1.515e-02 -3.611 3.018 1.381 -1.302 -2.375 -3.313 -0.084
0.0152 0.01508 9.83251 1.1578146219 2.5008449554    0.750  3.469  3.4479 -0.412    8  0.542  0.451   414.24   163.26  0 -6.06e-07      0.01 6.905e-01 2.944e-01 2.258e-03 1.319e-03 6.676e-03 -1.000 1.515e-02 -3.903 3.246 1.562 -1.243 -2.440 -3.433 -0.006
0.0152 0.01508 9.83251 1.1578153372 2.5008449554    0.734  3.543  3.4336 -0.552    8  0.543  0.451   561.43   209.97  0 -8.45e-07      0.02 6.905e-01 2.944e-01 2.258e-03 1.319e-03 6.676e-03 -1.000 1.515e-02 -4.087 3.394 1.754 -1.237 -2.515 -3.540 0.025
0.0152 0.01508 9.83251 1.1578161716 2.5008451939    0.716  3.579  3.4266 -0.628    8  0.543  0.451   661.97   238.74  0 -1.27e-06      0.04 6.905e-01 2.944e-01 2.258e-03 1.319e-03 6.676e-03 -1.000 1.515e-02 -4.178 3.530 1.900 -1.211 -2.535 -3.580 0.069
0.0152 0.01508 9.83251 1.1578170061 2.5008451939    0.696  3.594  3.4250 -0.661    8  0.544  0.451   714.04   250.44  0 -1.62e-06      0.06 6.905e-01 2.944e-01 2.258e-03 1.319e-03 6.676e-03 -1.000 1.515e-02 -4.215 3.600 1.954 -1.195 -2.535 -3.590 0.092
0.0152 0.01508 9.83251 1.1578179598 2.5008454323    0.675  3.601  3.4636 -0.527    8  0.545  0.451   537.68   191.60  0 -1.64e-06      0.06 6.905e-01 2.944e-01 2.258e-03 1.319e-03 6.676e-03 -1.000 1.515e-02 -4.232 2.898 1.109 -1.657 -2.809 -3.792 -0.417
0.0152 0.01508 9.83251 1.1578226089 2.5008461475    0.548 -9.999  4.0000  1.741    9  0.548  0.000     0.00     0.00 -1    -1e-30      0.00 6.905e-01 2.944e-01 2.258e-03 1.319e-03 6.676e-03 -1.000 1.515e-02 29.767 29.897 30.135 30.370 30.483 30.560 30.119
#isochrone terminated
